Epoch	AverageEpRet	StdEpRet	MaxEpRet	MinEpRet	EpLen	AverageVVals	StdVVals	MaxVVals	MinVVals	TotalEnvInteracts	LossPi	LossV	DeltaLossPi	DeltaLossV	Entropy	KL	Time
0	-35.01329	1.0246052	-33.78557	-36.56714	999.0	0.06536354	0.002428715	0.0716282	0.057559982	4000	-0.16628526	11.040516	0.0	-10.47373	0.91893834	-1.1995435e-09	0.6992807388305664
1	-36.531494	2.0718765	-34.157166	-39.581345	999.0	-3.1385713	0.03392844	-3.0365388	-3.207241	8000	-0.08886777	0.7815976	0.0	-0.027874157	0.9186383	5.438924e-10	1.3422844409942627
2	-36.607162	0.6552189	-35.879143	-37.526463	999.0	-3.2927275	0.027169477	-3.1569295	-3.3425708	12000	-0.07600299	0.6018944	0.0	-0.002748698	0.9183559	-3.6507844e-10	2.014918327331543
3	-37.78949	0.78546697	-36.98546	-39.09171	999.0	-3.2876773	0.015380488	-3.219338	-3.3190267	16000	-0.08007055	0.6371207	0.0	-0.022000425	0.91808146	-7.3015693e-10	2.7339537143707275
4	-37.949112	1.1725038	-35.998783	-38.901306	999.0	-3.4331684	0.014653966	-3.3601844	-3.4572194	20000	-0.08722384	0.7223747	0.0	-0.0011746287	0.91780853	1.2218953e-09	3.3384830951690674
5	-36.957443	0.4324234	-36.29341	-37.423023	999.0	-3.4267545	0.046275355	-3.1207516	-3.4828026	24000	-0.072086565	0.6239624	0.0	-0.01154381	0.9175338	-9.685754e-10	3.9962809085845947
6	-37.049778	1.2982557	-35.196262	-38.833538	999.0	-3.3271158	0.0222987	-3.2202573	-3.359378	28000	-0.07825047	0.5830791	0.0	-0.0043688565	0.9172609	7.1525574e-10	4.686215162277222
7	-36.348255	0.98944074	-35.102093	-37.762714	999.0	-3.3356166	0.047236063	-3.1286466	-3.3809469	32000	-0.08296941	0.6525234	0.0	-0.024809614	0.91698843	1.0058284e-09	5.290472745895386
8	-35.42316	1.3096913	-34.277462	-37.624264	999.0	-3.2861137	0.06095669	-3.0509093	-3.3606045	36000	-0.098729804	0.59848255	0.0	-0.010632269	0.9167135	1.0728836e-09	5.956583023071289
9	-36.846886	1.1610947	-35.29184	-38.34511	999.0	-3.1990356	0.06569126	-2.8290915	-3.2970204	40000	-0.09067243	0.62149197	0.0	-0.016429916	0.91643494	-1.3187528e-09	6.622567176818848
10	-36.837982	1.3545911	-35.36571	-38.820263	999.0	-3.293166	0.04461062	-3.0698624	-3.3717031	44000	-0.09979321	0.65141755	0.0	-0.007874697	0.9161529	-1.7881394e-10	7.3797643184661865
11	-37.135048	1.6004671	-34.668594	-38.90646	999.0	-3.3383842	0.072889	-2.9084847	-3.4174209	48000	-0.08265442	0.6805761	0.0	-0.008160636	0.91586876	4.3213366e-10	8.03579330444336
12	-36.404945	1.4278686	-34.043945	-37.59284	999.0	-3.3635635	0.024509113	-3.2172034	-3.4004145	52000	-0.07244468	0.55195606	0.0	-0.010398887	0.91558444	-4.6193596e-10	9.815002918243408
13	-35.57561	0.9739944	-34.51297	-37.105675	999.0	-3.251764	0.040633053	-3.0385432	-3.3229036	56000	-0.09591195	0.68247813	0.0	-0.0008313507	0.9153022	3.5762787e-10	10.569878816604614
14	-36.339527	1.2993338	-34.839645	-38.10754	999.0	-3.2333262	0.038660735	-2.995644	-3.2975502	60000	-0.08447629	0.60922635	0.0	-0.0030264854	0.91501844	9.685752e-11	11.21660041809082
15	-36.26526	0.6498604	-35.63708	-37.196156	999.0	-3.2782364	0.046395496	-3.084408	-3.3561087	64000	-0.077019066	0.59287035	0.0	-0.00074613094	0.91473395	-4.6938653e-10	11.912646770477295
16	-36.722816	0.46430728	-36.03429	-37.3302	999.0	-3.283981	0.050153382	-2.9892197	-3.3518047	68000	-0.10314837	0.66849744	0.0	-0.0022311807	0.9144513	1.706183e-09	12.5926353931427
17	-37.019314	1.0107678	-35.669952	-38.508553	999.0	-3.2614644	0.123020105	-2.733898	-3.3835049	72000	-0.099130884	0.68329644	0.0	-0.020561881	0.9141642	-6.631017e-10	13.26637601852417
18	-36.535892	2.2392602	-33.160847	-38.6713	999.0	-3.396573	0.11512469	-2.8724453	-3.51655	76000	-0.08952653	0.6626725	0.0	-0.020358026	0.91387415	-4.2468312e-10	13.933064460754395
19	-37.205505	0.455619	-36.676178	-37.812313	999.0	-3.3273537	0.1287055	-2.6841357	-3.457737	80000	-0.065042056	0.5553644	0.0	-0.003863372	0.9135839	1.0430813e-09	14.64007043838501
20	-37.122253	0.94679916	-35.552113	-38.024014	999.0	-3.3300111	0.16136536	-2.500721	-3.468633	84000	-0.084170625	0.59466004	0.0	-0.0017535836	0.91329926	1.5348196e-09	15.28340482711792
21	-35.055374	0.50942945	-34.26867	-35.631203	999.0	-3.3394752	0.17551908	-2.5751092	-3.502894	88000	-0.066358164	0.53304064	0.0	-0.029618025	0.91301507	-4.3958423e-10	15.978729724884033
22	-36.958805	1.1442132	-35.7849	-38.180004	999.0	-3.197898	0.13347971	-2.4112659	-3.3494172	92000	-0.09090068	0.6252217	0.0	-0.049329214	0.91273445	2.4065376e-09	16.675907611846924
23	-36.81334	1.7834078	-34.11995	-39.095882	999.0	-3.3538215	0.20526135	-2.3673532	-3.5213773	96000	-0.087718494	0.6054698	0.0	-0.0031693727	0.91245157	2.577901e-09	17.295328855514526
24	-36.851593	1.8554437	-35.02583	-39.932068	999.0	-3.1663237	0.39842647	-1.3171551	-3.477411	100000	-0.065215066	0.6211958	0.0	-0.08934721	0.912168	8.1956397e-10	18.03363275527954
25	-37.73122	0.8669157	-36.62241	-39.02518	999.0	-3.3512774	0.13899884	-2.4695323	-3.444537	104000	-0.09931052	0.7897767	0.0	-0.006134823	0.91188806	-3.5762787e-10	18.70215940475464
26	-36.90641	1.2012265	-34.96308	-38.05389	999.0	-3.4126513	0.06045133	-3.0511246	-3.4596531	108000	-0.09189889	0.6604105	0.0	-0.020752817	0.9116041	-4.6193602e-10	19.34756326675415
27	-36.432083	1.0948629	-35.127804	-37.542313	999.0	-3.2960205	0.18168849	-2.2997375	-3.4150088	112000	-0.077970065	0.5789275	0.0	-0.004907906	0.91131794	1.3411044e-10	20.039214611053467
28	-36.152534	1.7104493	-33.600426	-37.9435	999.0	-3.315858	0.17058174	-2.6486945	-3.4712236	116000	-0.08695945	0.6192336	0.0	-0.0053611174	0.91103333	1.2367964e-09	20.785266160964966
29	-36.27404	1.0269512	-34.69165	-37.40338	999.0	-3.3225918	0.09802117	-2.8207743	-3.4296114	120000	-0.0747874	0.49581528	0.0	-0.013030261	0.9107481	9.0897084e-10	21.419851779937744
30	-35.614944	1.9032061	-32.60604	-37.73774	999.0	-3.3051324	0.12784335	-2.6361098	-3.4173737	124000	-0.079874896	0.6007053	0.0	-0.010478735	0.91046476	2.0116567e-10	22.118980169296265
31	-36.04019	2.1722932	-33.207275	-38.34585	999.0	-3.1276386	0.22330892	-2.24885	-3.3128302	128000	-0.09730068	0.629369	0.0	-0.020893142	0.9101813	-1.4901163e-09	22.80742907524109
32	-36.271294	2.0431929	-33.76306	-38.668156	999.0	-3.3217177	0.18178847	-2.3799398	-3.4707127	132000	-0.093833655	0.6968372	0.0	-0.0084061995	0.90989506	-2.1830202e-09	23.418293952941895
33	-36.523487	2.6159887	-32.401047	-39.134483	999.0	-3.2666624	0.17823486	-2.4427385	-3.425005	136000	-0.092348054	0.5371682	0.0	-0.0045864657	0.9096055	2.9802327e-10	24.085378408432007
34	-36.951035	0.7402302	-35.715286	-37.67422	999.0	-3.2612827	0.29213142	-1.7408025	-3.4779701	140000	-0.084309936	0.72809196	0.0	-0.03511986	0.9093149	-2.7567149e-10	24.779542207717896
35	-36.104904	0.99118745	-35.141613	-37.44086	999.0	-3.3881757	0.09457297	-2.9776058	-3.4899852	144000	-0.07074217	0.6459525	0.0	-0.021539949	0.90902305	-1.2144445e-09	25.4372718334198
36	-35.70054	1.2193227	-33.93077	-37.072063	999.0	-3.2651355	0.063956074	-2.8890667	-3.3370788	148000	-0.086625054	0.66362095	0.0	-0.00860142	0.90873724	-3.427267e-10	26.117446660995483
37	-36.91688	0.36394256	-36.412655	-37.337048	999.0	-3.1601548	0.150082	-2.3859956	-3.2785323	152000	-0.08205865	0.6580579	0.0	-0.0427353	0.9084492	-3.874302e-10	26.823749780654907
38	-35.04883	0.3049946	-34.740612	-35.525734	999.0	-3.2610934	0.14641996	-2.401161	-3.3918242	156000	-0.07504667	0.53058004	0.0	-0.036598414	0.9081615	-4.917383e-10	27.45893359184265
39	-37.224617	1.2557595	-35.104588	-38.31318	999.0	-3.2443588	0.17674525	-2.4595015	-3.408448	160000	-0.09819342	0.7896041	0.0	-0.023150846	0.907877	-2.0116566e-09	28.13123655319214
40	-36.34077	0.9957184	-35.521378	-38.03503	999.0	-3.2476957	0.2670602	-1.7184913	-3.465919	164000	-0.08476689	0.7023824	0.0	-0.025516324	0.9075873	1.5124679e-09	28.8231303691864
41	-36.76448	1.3164163	-35.87725	-39.039955	999.0	-3.3662221	0.04827247	-3.1430707	-3.4161456	168000	-0.08301449	0.60603327	0.0	-0.0057273656	0.9072983	-1.4826655e-09	29.440226316452026
42	-35.41352	1.0577459	-34.175953	-36.53425	999.0	-3.3332207	0.041886367	-3.0772681	-3.3706641	172000	-0.086181775	0.6820851	0.0	-0.04364208	0.9070088	-1.1026859e-09	30.140104293823242
43	-35.468307	1.278008	-33.54149	-37.016823	999.0	-3.113628	0.1833541	-2.1980238	-3.2364342	176000	-0.09263008	0.6411426	0.0	-0.010831848	0.9067196	-2.2351743e-09	30.808491468429565
44	-35.412937	0.86008936	-34.432274	-36.55163	999.0	-3.1618667	0.3350078	-1.2224373	-3.3536665	180000	-0.075084776	0.62145686	0.0	-0.044253714	0.9064276	-6.4820055e-10	31.462107181549072
45	-35.527306	1.0946537	-34.384727	-37.33455	999.0	-3.2366617	0.076831214	-2.8080268	-3.319893	184000	-0.08156942	0.5222369	0.0	-0.014524452	0.9061387	2.6449563e-09	32.14288353919983
46	-36.320564	1.1469837	-34.683666	-37.429535	999.0	-3.188977	0.17878236	-2.342868	-3.364801	188000	-0.082277745	0.5830616	0.0	-0.0091272965	0.9058497	-1.0728836e-09	32.85404682159424
47	-33.50392	1.923368	-31.436396	-35.96975	999.0	-3.3279986	0.08574048	-2.843584	-3.4085226	192000	-0.08830639	0.65139693	0.0	-0.09528391	0.905562	-2.8312203e-10	33.486358642578125
48	-36.36207	1.1695776	-34.837395	-38.117775	999.0	-2.9730053	0.16380978	-2.1318464	-3.1618743	196000	-0.09419063	0.62788063	0.0	-0.1134949	0.90527296	6.0349703e-10	34.13617396354675
49	-36.04483	0.7168743	-35.186573	-36.886463	999.0	-3.1242754	0.451298	-0.7047932	-3.549191	200000	-0.08208144	0.6579703	0.0	-0.052252084	0.90498006	2.9057273e-10	34.83168053627014
50	-35.478844	1.1810207	-33.454247	-36.424194	999.0	-3.3408608	0.14249341	-2.4511447	-3.508917	204000	-0.08442549	0.59677356	0.0	-0.03497813	0.90468895	-9.0152025e-10	35.49423813819885
51	-35.225685	1.4435964	-33.60569	-37.088123	999.0	-3.2196395	0.21980663	-1.9903544	-3.418199	208000	-0.083509825	0.5707114	0.0	-0.014282912	0.9043976	4.61936e-10	36.18418335914612
52	-35.72033	0.7679667	-34.530216	-36.4508	999.0	-3.1202981	0.34099242	-1.501358	-3.4200075	212000	-0.06358145	0.58213425	0.0	-0.05326031	0.9041063	1.0281802e-09	36.85354971885681
53	-33.963085	2.6421611	-31.485586	-38.104557	999.0	-3.2258554	0.18123172	-2.259741	-3.3646016	216000	-0.08252697	0.6194098	0.0	-0.03934229	0.90382135	-1.2889505e-09	37.57096219062805
54	-37.391247	1.1899989	-35.903496	-38.786625	999.0	-3.0162606	0.23901516	-1.9198848	-3.2303293	220000	-0.103808716	0.73149747	0.0	-0.11961664	0.90353614	-2.4139881e-09	38.20325756072998
55	-36.977913	1.0491683	-35.48347	-38.449425	999.0	-3.3638499	0.14857844	-2.7157056	-3.5058947	224000	-0.1004296	0.7339426	0.0	-0.01413314	0.9032446	-2.5331975e-10	38.88431191444397
56	-34.915413	2.6747708	-32.39071	-39.19304	999.0	-3.355602	0.24508964	-2.172168	-3.5765793	228000	-0.08790614	0.782839	0.0	-0.04884783	0.9029486	1.0430812e-10	39.5763418674469
57	-35.821968	0.8202698	-34.86201	-37.12694	999.0	-3.1577725	0.20898238	-2.0540667	-3.3056855	232000	-0.112998575	0.72342324	0.0	-0.008983195	0.9026527	-8.4936613e-10	40.20259928703308
58	-35.925262	1.0344357	-34.393486	-37.272636	999.0	-3.2697525	0.15121445	-2.4352179	-3.3823607	236000	-0.09959428	0.7573592	0.0	-0.012526572	0.90234905	-4.61936e-10	40.89551115036011
59	-34.604927	0.31157303	-34.206394	-35.01625	999.0	-3.2105644	0.1181937	-2.664382	-3.2985847	240000	-0.10283019	0.6218668	0.0	-0.04353828	0.90204245	-3.5762787e-10	41.56216740608215
60	-35.06536	0.62739307	-34.224575	-35.855824	999.0	-3.0606651	0.24062039	-2.1065626	-3.3311832	244000	-0.082546346	0.6774411	0.0	-0.025057606	0.901733	-7.4505846e-11	42.22352743148804
61	-35.831	1.4601011	-33.565994	-37.431034	999.0	-3.1791017	0.13711128	-2.3126109	-3.2820385	248000	-0.08815153	0.58281755	0.0	-0.016081922	0.90142584	1.1101364e-09	42.95347023010254
62	-36.187977	0.8409687	-34.84446	-37.048737	999.0	-3.1726456	0.25259998	-2.1811152	-3.392304	252000	-0.09357405	0.59192586	0.0	-0.015770242	0.9011193	1.4677644e-09	43.656787157058716
63	-36.25126	0.73588794	-35.22658	-37.23704	999.0	-3.3501952	0.19789028	-2.5035655	-3.5402458	256000	-0.084305234	0.6822859	0.0	-0.007391408	0.9008124	-5.9604655e-11	44.28922414779663
64	-35.974144	0.92516434	-34.558784	-37.140804	999.0	-3.2711728	0.1773053	-2.4322944	-3.4585438	260000	-0.09366356	0.6234613	0.0	-0.00337632	0.9005074	4.6193604e-10	45.04155969619751
65	-35.325745	1.3482504	-33.75125	-37.461975	999.0	-3.1877012	0.26204804	-2.155893	-3.4250202	264000	-0.0730117	0.52863276	0.0	-0.016561449	0.90020174	2.361834e-09	45.744680643081665
66	-36.247627	1.9716272	-32.843452	-37.607403	999.0	-3.2331111	0.1690337	-2.196715	-3.366502	268000	-0.10502877	0.5988302	0.0	-0.011044234	0.8999005	-1.3560056e-09	46.414804458618164
67	-35.07042	0.5581804	-34.449787	-35.95576	999.0	-3.3146372	0.07995538	-2.866355	-3.420797	272000	-0.08671656	0.5220895	0.0	-0.054605164	0.89959526	-2.235176e-11	47.12463593482971
68	-35.38305	0.6599786	-34.717224	-36.468124	999.0	-3.2021773	0.1614253	-2.3903193	-3.3804622	276000	-0.07242105	0.62979627	0.0	-0.021812938	0.8992915	1.2814999e-09	47.818679332733154
69	-34.585503	0.5470189	-34.140984	-35.496105	999.0	-3.1961982	0.06868749	-2.8290884	-3.2797472	280000	-0.08404741	0.55506784	0.0	-0.021404482	0.8989921	-1.1622906e-09	48.46146488189697
70	-35.384354	0.9801283	-34.064537	-36.7386	999.0	-2.954964	0.44616404	-0.58254975	-3.3108056	284000	-0.0711851	0.6933191	0.0	-0.14103413	0.8986944	7.6740986e-10	49.163278579711914
71	-34.619728	1.8262491	-32.08846	-36.54485	999.0	-3.183003	0.09519719	-2.6499317	-3.2672336	288000	-0.09353055	0.5807293	0.0	-0.006212741	0.89840096	1.7136337e-10	49.80837273597717
72	-35.756355	0.5747158	-35.355278	-36.746147	999.0	-3.0955465	0.16183868	-2.3311698	-3.2336757	292000	-0.09368243	0.6740731	0.0	-0.021167323	0.8981059	-1.6465784e-09	50.427228689193726
73	-34.48925	2.6318145	-31.259464	-38.10412	999.0	-3.297272	0.10097385	-2.7317972	-3.3717527	296000	-0.09104413	0.587832	0.0	-0.037967265	0.8978085	-1.5422702e-09	51.15967559814453
74	-35.152016	1.390565	-33.32235	-37.117916	999.0	-3.0510175	0.15638858	-2.2596586	-3.1799922	300000	-0.090193376	0.5362463	0.0	-0.068245396	0.89751035	1.266599e-10	51.82372307777405
75	-35.000664	0.6460596	-33.981277	-35.774868	999.0	-3.2185097	0.38711768	-1.3449931	-3.5352018	304000	-0.079812504	0.6492177	0.0	-0.057984233	0.8972111	-1.2665988e-10	52.4667181968689
76	-35.433167	0.44897705	-35.024586	-36.19135	999.0	-3.1744807	0.091505766	-2.7147799	-3.249436	308000	-0.08670397	0.56291723	0.0	-0.005450852	0.896914	1.8179417e-09	53.15257477760315
77	-34.96444	1.2458261	-33.683914	-36.94455	999.0	-3.152368	0.13648127	-2.4806867	-3.2837462	312000	-0.09881214	0.6662176	0.0	-0.008288264	0.8966177	1.266599e-10	53.83876132965088
78	-34.80293	0.9827521	-33.716713	-36.178185	999.0	-3.2007205	0.14774933	-2.2708135	-3.3235397	316000	-0.089649364	0.5885327	0.0	-0.004926197	0.8963179	3.106892e-09	54.49551272392273
79	-36.025673	0.83653253	-34.639736	-36.718803	999.0	-3.0552564	0.32931396	-1.5169636	-3.2734907	320000	-0.09512962	0.6562262	0.0	-0.07824461	0.89601743	1.2591481e-09	55.162720918655396
80	-34.84417	1.1613448	-33.80846	-36.74974	999.0	-3.2350254	0.1474681	-2.3612707	-3.3501353	324000	-0.08959315	0.5560585	0.0	-0.018746957	0.8957154	-9.685754e-10	55.83186340332031
81	-34.33185	1.2931173	-33.15806	-36.41193	999.0	-3.1466465	0.105376825	-2.4856238	-3.2314305	328000	-0.09916332	0.5570408	0.0	-0.06790181	0.8954127	9.0897084e-10	56.465370893478394
82	-35.649372	2.1262236	-33.036327	-37.74891	999.0	-3.0150144	0.4708743	-1.2723948	-3.410001	332000	-0.06741342	0.6297915	0.0	-0.1222001	0.8951075	1.6465783e-09	57.161548137664795
83	-34.997112	1.2827868	-33.595604	-37.071342	999.0	-3.1808884	0.206499	-2.2995236	-3.3783753	336000	-0.0837632	0.5878408	0.0	-0.007393673	0.89480996	3.874302e-10	57.83043169975281
84	-34.204155	1.1567764	-32.946377	-36.09371	999.0	-3.2374642	0.07543423	-2.9526117	-3.3027673	340000	-0.09068979	0.58135283	0.0	-0.07190199	0.8945126	-6.92904e-10	58.4629693031311
85	-34.481495	0.998821	-33.303654	-35.998062	999.0	-2.9570172	0.39292762	-1.4560739	-3.29827	344000	-0.055052213	0.6001619	0.0	-0.1413384	0.89421475	-5.8114535e-10	59.17613101005554
86	-34.87954	1.6958282	-32.053925	-36.25834	999.0	-3.1172304	0.069616884	-2.4329002	-3.168925	348000	-0.064971045	0.45527056	0.0	-0.028994754	0.8939266	-8.1956386e-11	59.861114263534546
87	-36.1788	0.8773001	-34.81643	-37.25961	999.0	-3.1977441	0.14735404	-2.3154864	-3.3479989	352000	-0.08215164	0.7080837	0.0	-0.035866812	0.8936441	9.462238e-10	60.501298904418945
88	-34.629005	1.7814628	-32.86153	-37.133575	999.0	-3.2268658	0.037805308	-2.9153736	-3.273563	356000	-0.09057122	0.6425167	0.0	-0.011480272	0.8933622	-2.3841856e-10	61.188570976257324
89	-34.843376	1.4371991	-33.868816	-37.325863	999.0	-3.1369395	0.026477052	-2.9680023	-3.1712337	360000	-0.083283216	0.5595553	0.0	-0.013325691	0.8930776	-1.9297004e-09	61.889219999313354
90	-34.81022	0.52390236	-34.22617	-35.510582	999.0	-3.1367652	0.079071306	-2.729061	-3.2075083	364000	-0.08043955	0.46876702	0.0	-0.022773214	0.8927924	5.8859584e-10	62.50264549255371
91	-35.713985	0.40186116	-35.077538	-36.158203	999.0	-3.1729193	0.15530296	-2.421255	-3.2859035	368000	-0.08396268	0.605933	0.0	-0.008807883	0.89250815	1.6391277e-09	63.24926567077637
92	-34.627033	1.5600508	-32.219646	-36.081432	999.0	-3.1260948	0.21074003	-2.026281	-3.3139489	372000	-0.07973923	0.58830893	0.0	-0.012220949	0.89222324	1.3262034e-09	64.60258364677429
93	-34.88488	1.3189992	-32.895813	-36.582893	999.0	-3.1613824	0.0542412	-2.8102915	-3.2055454	376000	-0.08356057	0.55951667	0.0	-0.0019584075	0.8919399	1.013279e-09	65.2956931591034
94	-34.494705	1.1789191	-32.737576	-35.7974	999.0	-3.089039	0.1267665	-2.5274804	-3.2249444	380000	-0.09469757	0.5845072	0.0	-0.010582	0.8916556	1.5124678e-09	65.96227502822876
95	-34.7821	1.5721049	-32.44995	-36.866245	999.0	-3.1602092	0.025488766	-3.015278	-3.1847198	384000	-0.08517782	0.597602	0.0	-0.11150762	0.8913682	3.1292438e-10	66.67168164253235
96	-33.74194	1.8089625	-32.039825	-36.757442	999.0	-3.0561504	0.30883282	-1.34781	-3.3298886	388000	-0.06789178	0.61823326	0.0	-0.089592755	0.8910792	1.7508863e-09	67.30913662910461
97	-35.57171	1.2620963	-34.02357	-37.343613	999.0	-3.0784783	0.026989585	-2.7833369	-3.1142354	392000	-0.077266	0.53913236	0.0	-0.020525776	0.8907963	-1.0654331e-09	67.97723436355591
98	-35.12267	0.6664961	-34.17491	-35.95046	999.0	-3.130529	0.28762028	-0.8540958	-3.257185	396000	-0.082565166	0.6134244	0.0	-0.058691777	0.8905142	-9.015203e-10	68.66875958442688
99	-34.65222	0.75090593	-33.516903	-35.625267	999.0	-3.2059157	0.052415147	-2.9687374	-3.2645323	400000	-0.07526292	0.5189461	0.0	-0.011693507	0.8902323	1.2144447e-09	69.31223773956299
100	-35.117554	0.8509914	-33.84996	-35.981472	999.0	-3.0963047	0.1094562	-2.3321931	-3.1773534	404000	-0.07775013	0.5337261	0.0	-0.014862999	0.88995165	-2.8312205e-10	70.0149142742157
101	-35.29152	0.93994427	-33.919666	-36.42281	999.0	-3.1737616	0.21650025	-1.8556225	-3.2970018	408000	-0.100330725	0.68601084	0.0	-0.058204338	0.88967174	-1.7881394e-10	70.71599674224854
102	-33.81587	1.2389002	-32.47382	-35.237053	999.0	-3.1586866	0.04183518	-3.032414	-3.2425761	412000	-0.09128845	0.60144776	0.0	-0.013769522	0.88938713	-1.3038516e-09	71.33807182312012
103	-33.872036	1.0550702	-32.346607	-34.98721	999.0	-3.0493827	0.07015085	-2.6190712	-3.115373	416000	-0.10573621	0.5988061	0.0	-0.028433353	0.88909864	-3.9488077e-10	71.9741747379303
104	-34.134552	0.5823622	-33.396442	-34.92534	999.0	-3.0707138	0.113710545	-2.5140023	-3.1860595	420000	-0.08507937	0.5366067	0.0	-0.0080601275	0.8888033	2.9057268e-10	72.6882004737854
105	-33.834915	1.4090528	-32.17501	-35.82421	999.0	-3.0873196	0.04758067	-2.78144	-3.1212108	424000	-0.08376644	0.5410904	0.0	-0.081244916	0.8885082	-1.7806887e-09	73.33540773391724
106	-36.25531	0.9399558	-34.870335	-37.456482	999.0	-2.9223878	0.4169742	-1.2995458	-3.2595367	428000	-0.08033858	0.6952423	0.0	-0.14588398	0.8882144	2.5331972e-09	74.02047944068909
107	-33.82779	0.9318712	-32.756256	-35.089268	999.0	-3.23788	0.27602723	-1.9901824	-3.503793	432000	-0.051975064	0.5763833	0.0	-0.091854	0.88792187	-1.862645e-10	74.72680020332336
108	-33.868782	0.36323556	-33.25988	-34.208023	999.0	-3.0515428	0.05285346	-2.7102106	-3.0840762	436000	-0.08580245	0.54896414	0.0	-0.009643801	0.8876397	2.9802355e-11	75.3403012752533
109	-33.660473	1.7738637	-30.93257	-35.6484	999.0	-3.0316322	0.17089665	-2.4483786	-3.1617568	440000	-0.08970834	0.54388976	0.0	-0.011993043	0.88735557	-1.9371507e-10	76.05015826225281
110	-33.785362	0.29355538	-33.36567	-34.134064	999.0	-3.085023	0.03530284	-2.9008904	-3.1413345	444000	-0.078409106	0.53679	0.0	-0.0020420775	0.8870699	-1.2144445e-09	76.771324634552
111	-34.085026	1.1426345	-32.64315	-35.41721	999.0	-3.0653038	0.01940238	-2.958315	-3.1106582	448000	-0.07562445	0.50174284	0.0	-0.025667466	0.88678527	-5.066395e-10	77.39943766593933
112	-34.867317	1.2153478	-33.133842	-36.216953	999.0	-2.9988694	0.21537192	-2.0330968	-3.1923356	452000	-0.08493863	0.57296205	0.0	-0.034255736	0.88650244	-3.3527625e-10	78.10077166557312
113	-34.5198	0.80528516	-33.178978	-35.32215	999.0	-3.1388335	0.10338043	-2.438719	-3.2131681	456000	-0.09002252	0.6928028	0.0	-0.002177462	0.88621885	-7.45058e-10	78.80617928504944
114	-35.95157	1.4176008	-34.628967	-38.234615	999.0	-3.1127284	0.13400173	-2.3250554	-3.1904972	460000	-0.08959269	0.590595	0.0	-0.026158765	0.8859325	-9.834766e-10	79.43362927436829
115	-33.922684	1.3282803	-32.050434	-35.609604	999.0	-3.144021	0.283947	-1.6243151	-3.409721	464000	-0.07139468	0.48253286	0.0	-0.012225375	0.8856434	-1.7657876e-09	80.10705709457397
116	-35.2574	2.6418588	-32.702507	-39.629982	999.0	-3.1547785	0.11910347	-2.6872516	-3.289328	468000	-0.10112973	0.64707017	0.0	-0.02467125	0.8853589	2.5480986e-09	80.79701089859009
117	-33.805687	1.7051904	-30.91014	-35.116077	999.0	-3.1162496	0.37654492	-1.7507368	-3.3905554	472000	-0.06894673	0.58605325	0.0	-0.07337665	0.88506836	-6.705522e-10	81.41973066329956
118	-34.825356	1.5421699	-32.42845	-36.647243	999.0	-3.1093643	0.04588053	-2.5808072	-3.1493716	476000	-0.098635815	0.57908607	0.0	-0.0672567	0.8847822	-2.7567146e-10	82.10664129257202
119	-33.897465	2.5521116	-31.673592	-38.23304	999.0	-3.0264196	0.40241724	-1.3779811	-3.375152	480000	-0.0718242	0.6827734	0.0	-0.05445472	0.88449067	3.278255e-10	82.80687284469604
120	-33.93256	1.2023447	-32.22479	-35.406643	999.0	-2.994355	0.25923386	-1.9382757	-3.202635	484000	-0.08623086	0.49068174	0.0	-0.018428192	0.88420355	-1.7881396e-10	83.44288182258606
121	-34.77003	1.3312933	-32.609962	-36.098694	999.0	-3.1494167	0.17907868	-1.8786297	-3.2630167	488000	-0.09403073	0.60616404	0.0	-0.0032398328	0.883915	1.9818545e-09	84.15332388877869
122	-35.07959	0.52032346	-34.45586	-35.769707	999.0	-3.1525176	0.0787964	-2.614743	-3.237344	492000	-0.07900665	0.52321374	0.0	-0.021258011	0.88362306	1.2218953e-09	84.83612847328186
123	-33.06582	0.98938394	-32.21476	-34.751675	999.0	-3.245456	0.1570122	-2.053625	-3.358879	496000	-0.093573645	0.5348498	0.0	-0.059071004	0.88333344	-1.4901164e-10	85.48265218734741
124	-32.96456	1.5632998	-30.953257	-35.207504	999.0	-2.6667597	0.5765807	-0.59359515	-3.1722329	500000	-0.038198277	0.7347612	0.0	-0.3159083	0.88303965	2.2426248e-09	86.16767477989197
125	-33.428032	0.99349105	-32.13947	-34.49899	999.0	-3.0067432	0.04023652	-2.6949964	-3.033393	504000	-0.090907305	0.56648606	0.0	-0.031728797	0.88276136	1.0877848e-09	86.82218623161316
126	-33.01702	0.64069694	-32.13984	-33.93291	999.0	-3.0334706	0.18905129	-2.1191726	-3.171096	508000	-0.08971348	0.5248159	0.0	-0.008710146	0.8824804	5.587937e-10	87.44819283485413
127	-34.231647	0.8087336	-33.31965	-35.352314	999.0	-2.698291	0.6310802	-0.5917407	-3.16394	512000	-0.055090442	0.7752898	0.0	-0.35303992	0.8821959	-7.0780515e-10	88.12759494781494
128	-7.8609333	44.990894	70.039665	-34.822964	965.0	-3.1450667	0.12927933	-2.2880373	-3.243156	516000	0.020220827	130.16357	0.0	-22.733576	0.88191956	-2.9057262e-10	88.8527181148529
129	-33.91027	1.3875973	-32.008812	-35.677677	999.0	-1.1281883	2.0732775	7.3975334	-2.639489	520000	-0.025949702	8.308315	0.0	-7.70947	0.8816773	-6.6310163e-10	89.48239588737488
130	-34.50969	1.1101921	-32.759495	-35.82225	999.0	-3.0912719	0.06620899	-2.7168248	-3.1383896	524000	-0.10207745	0.5921118	0.0	-0.016997539	0.88144934	-1.1399388e-09	90.15323877334595
131	-33.84137	0.52067006	-33.45229	-34.734875	999.0	-3.1549277	0.050257795	-2.940244	-3.2036617	528000	-0.08976248	0.5626743	0.0	-0.014450178	0.881209	-1.1324883e-09	90.83898401260376
132	-35.915688	0.6224221	-35.28441	-36.948093	999.0	-3.0115097	0.10799714	-2.1100779	-3.0733838	532000	-0.08703178	0.60546756	0.0	-0.06495301	0.88096195	3.4272662e-10	91.45873808860779
133	-34.91825	2.4921832	-31.979088	-38.644398	999.0	-3.2731361	0.10892041	-1.9465736	-3.3176584	536000	-0.09421633	0.58548987	0.0	-0.03161852	0.8807089	1.1846424e-09	92.1307909488678
134	-33.536137	1.5297946	-32.438377	-36.146137	999.0	-3.0244892	0.42227203	1.1083583	-3.1652098	540000	-0.0644849	0.6790023	0.0	-0.13445818	0.8804473	5.2154087e-11	92.86887669563293
135	-34.284073	2.452015	-30.673399	-36.93392	999.0	-3.0696368	0.027149249	-2.973258	-3.118761	544000	-0.08662986	0.6647893	0.0	-0.0069650933	0.88018996	1.2442469e-09	93.5025384426117
136	-34.40413	1.1534104	-33.00826	-36.18911	999.0	-3.0981612	0.03926219	-2.6820898	-3.128398	548000	-0.09068637	0.5087125	0.0	-0.027269393	0.8799283	2.3022295e-09	94.1744773387909
137	-34.224396	0.8686356	-32.778275	-34.91709	999.0	-2.961864	0.48963678	2.130571	-3.1623614	552000	-0.07270783	0.7510352	0.0	-0.19519573	0.8796607	-1.3038516e-09	94.87718343734741
138	-33.600407	1.3868104	-32.338684	-35.7053	999.0	-3.128874	0.03450235	-2.9355328	-3.1571026	556000	-0.08112379	0.48937368	0.0	-0.011999249	0.8793945	-9.834766e-10	95.50744676589966
139	-34.642776	1.0701967	-32.947147	-35.81158	999.0	-3.016484	0.057271518	-2.706289	-3.0669034	560000	-0.10291995	0.54458445	0.0	-0.018944249	0.87912595	9.834766e-10	96.1833963394165
140	-35.02964	1.5995771	-32.795254	-37.05241	999.0	-3.0905747	0.1046712	-2.535776	-3.1894143	564000	-0.07405515	0.523667	0.0	-0.009129509	0.8788491	-8.195637e-11	96.87529134750366
141	-32.931446	1.6256374	-30.684574	-35.179123	999.0	-3.183858	0.08696334	-2.6753078	-3.2609737	568000	-0.08154385	0.57452214	0.0	-0.04967781	0.8785741	-2.6300548e-09	97.50686573982239
142	-32.312523	0.10091804	-32.234882	-32.482296	999.0	-2.9670568	0.13084362	-2.1790633	-3.061184	572000	-0.08276977	0.46454233	0.0	-0.00363978	0.8782974	-3.5017728e-10	98.21801042556763
143	-34.143997	0.58467835	-33.60845	-35.128357	999.0	-2.893339	0.17050728	-1.5743785	-3.0071971	576000	-0.07229697	0.45193875	0.0	-0.039965205	0.8780191	1.2293458e-09	98.91446495056152
144	-32.412624	1.4559538	-30.096003	-34.02229	999.0	-3.0867975	0.13638327	-2.2700264	-3.1836574	580000	-0.07435971	0.5681867	0.0	-0.031296343	0.87774354	-2.0116564e-10	99.56936550140381
145	-33.098663	1.2516892	-31.715021	-34.635654	999.0	-2.9349945	0.111299574	-2.50364	-3.0208912	584000	-0.08157253	0.44314286	0.0	-0.0077591687	0.87746924	1.0281801e-09	100.24341750144958
146	-32.38698	0.46029353	-31.766731	-32.978638	999.0	-2.9597948	0.33161694	1.2540212	-3.1166987	588000	-0.069606535	0.5515115	0.0	-0.06235434	0.8771935	-2.682209e-10	100.94821858406067
147	-32.40525	1.270754	-30.44575	-33.96283	999.0	-2.93867	0.10579971	-2.5967035	-3.0833602	592000	-0.068520695	0.45730197	0.0	-0.0012483075	0.87692046	8.419157e-10	101.59114503860474
148	-33.46414	0.6351012	-32.561768	-34.096024	999.0	-2.9437602	0.07523225	-2.730905	-3.060763	596000	-0.08174673	0.45743307	0.0	-0.034306817	0.8766512	-2.8312206e-09	102.23155522346497
149	-33.4056	1.0602866	-32.0669	-34.612694	999.0	-3.0268059	0.14798103	-2.540665	-3.1639886	600000	-0.09671475	0.5462662	0.0	-0.00812991	0.8763793	1.2442469e-09	102.95479106903076
150	-33.837196	0.9285869	-32.791786	-35.191082	999.0	-2.9370434	0.19775186	-2.448005	-3.1548314	604000	-0.09008819	0.53064096	0.0	-0.017851934	0.8761006	2.98023e-11	103.61187481880188
151	-33.75632	0.50217986	-33.0601	-34.47936	999.0	-3.0560474	0.07631407	-2.6767735	-3.1186209	608000	-0.07749403	0.5356255	0.0	-0.0006821975	0.87581825	1.2814998e-09	104.25603151321411
152	-33.336906	1.5958816	-31.647835	-35.75511	999.0	-3.0475235	0.090948075	-2.4390063	-3.097504	612000	-0.10170084	0.6042964	0.0	-0.0075442046	0.8755377	-3.6507852e-10	104.94357895851135
153	-33.87618	1.4846746	-31.658066	-35.703983	999.0	-2.9729912	0.0646249	-2.702545	-3.025151	616000	-0.09103987	0.60021675	0.0	-0.004695408	0.87524915	-5.5879346e-10	105.64035320281982
154	-33.94535	1.7951385	-31.379416	-36.406883	999.0	-3.014458	0.09467612	-2.3748894	-3.0711806	620000	-0.08405639	0.57932925	0.0	-0.040347733	0.8749576	8.4936613e-10	106.29326558113098
155	-32.496365	1.5019313	-30.76001	-34.89249	999.0	-3.0348241	0.22448102	-2.0788727	-3.1931548	624000	-0.068280205	0.4847888	0.0	-0.038687363	0.8746664	-1.3262033e-09	106.98790168762207
156	-34.916927	0.5556645	-34.065216	-35.61416	999.0	-2.977097	0.2039486	-2.4139495	-3.179196	628000	-0.08494512	0.59908944	0.0	-0.04794994	0.87437886	-5.364418e-10	107.70161056518555
157	-32.5868	1.614145	-31.224915	-35.342705	999.0	-3.1709478	0.06316093	-2.8819225	-3.245167	632000	-0.09268839	0.57576257	0.0	-0.06069675	0.87409043	1.9371509e-09	108.34217619895935
158	-33.325478	0.65386534	-32.69292	-34.322857	999.0	-2.9660919	0.11293114	-2.3715253	-3.052126	636000	-0.09106195	0.56749976	0.0	-0.009704821	0.8737988	-9.685756e-10	109.02473545074463
159	-33.08085	1.4178188	-31.48625	-34.9681	999.0	-2.8729804	0.31741256	-0.53112364	-3.086077	640000	-0.077576816	0.5520548	0.0	-0.04866594	0.87350494	-4.5448545e-10	109.73935890197754
160	-32.917564	0.8244285	-31.92996	-33.981796	999.0	-3.0392175	0.14047545	-2.6431317	-3.200778	644000	-0.08418831	0.5351252	0.0	-0.010732666	0.8732129	-1.0877848e-09	110.38096237182617
161	-35.00123	0.84728026	-34.150955	-36.00355	999.0	-2.959025	0.21108778	-2.3341115	-3.1898649	648000	-0.07294311	0.5469767	0.0	-0.05007322	0.8729198	-6.1094757e-10	111.020827293396
162	-32.983932	1.1509513	-31.249037	-34.460197	999.0	-3.2043834	0.14610386	-2.7559595	-3.369635	652000	-0.08415075	0.554775	0.0	-0.0737562	0.87263083	1.7285348e-09	111.70225214958191
163	-33.82254	0.41538444	-33.263237	-34.408794	999.0	-3.0066602	0.19744138	-2.217314	-3.167383	656000	-0.074417666	0.39356983	0.0	-0.00893648	0.8723408	-2.3469329e-09	112.36253952980042
164	-33.75307	0.95938754	-32.401688	-34.9713	999.0	-3.0517995	0.23426396	-2.3041296	-3.2532697	660000	-0.07613817	0.44194698	0.0	-0.010215379	0.8720533	-6.258487e-10	113.08178997039795
165	-32.990158	0.9890744	-31.86103	-34.00769	999.0	-2.9862146	0.22246824	-2.1069732	-3.1503742	664000	-0.068770394	0.5030955	0.0	-0.026421025	0.8717676	-6.9290396e-10	113.73322057723999
166	-33.42606	0.65081006	-32.320454	-33.919796	999.0	-3.0002217	0.09722031	-2.2864776	-3.0398157	668000	-0.09682625	0.50085896	0.0	-0.022425741	0.8714863	-1.5869737e-09	114.36435627937317
167	-33.712128	2.2152927	-31.252731	-36.67753	999.0	-3.031405	0.15158752	-2.0908623	-3.1154459	672000	-0.10031867	0.5822893	0.0	-0.024464801	0.8711991	-1.8775463e-09	115.01809358596802
168	-33.12557	1.5444864	-30.485102	-34.4102	999.0	-2.945537	0.3213987	-1.7098312	-3.1535819	676000	-0.07613294	0.61438155	0.0	-0.050776407	0.87090564	-8.940704e-11	115.72574853897095
169	-33.42518	1.672109	-31.47467	-36.09073	999.0	-3.023151	0.040752847	-2.7762706	-3.0577714	680000	-0.092636526	0.5985136	0.0	-0.014191449	0.8706148	5.140901e-10	116.34385228157043
170	-34.971165	1.1493572	-34.063293	-36.932323	999.0	-2.9670525	0.10765202	-2.5504835	-3.0884085	684000	-0.10103065	0.62665	0.0	-0.04616084	0.87031984	-2.9802327e-11	116.99982357025146
171	-34.19619	1.4629742	-32.240868	-36.367416	999.0	-3.1347873	0.18491787	-2.5207784	-3.3178236	688000	-0.103977084	0.7306352	0.0	-0.012317166	0.8700197	-3.3527614e-10	117.69693112373352
172	-33.83195	1.0124434	-32.68237	-34.94007	999.0	-3.0665102	0.22974198	-2.191773	-3.3496194	692000	-0.074636966	0.54397583	0.0	-0.02537971	0.8697139	-1.1846424e-09	118.39371514320374
173	-34.144215	1.7884345	-31.920696	-35.938683	999.0	-3.0559366	0.06981714	-2.8489163	-3.2049544	696000	-0.08710145	0.55684775	0.0	-0.0066573024	0.8694117	5.8859584e-10	119.12564086914062
174	-33.744186	1.1077969	-32.31072	-35.369072	999.0	-3.0901535	0.12736294	-2.2064767	-3.304224	700000	-0.089500725	0.5388583	0.0	-0.037706755	0.8691098	2.682209e-10	119.80879783630371
175	-32.56292	1.1305113	-30.741282	-33.793247	999.0	-3.0427115	0.18970048	-2.483191	-3.22772	704000	-0.06798414	0.452307	0.0	-0.018983707	0.868807	-1.5422702e-09	120.45869135856628
176	-33.485065	0.9639008	-32.213802	-34.554134	999.0	-2.926281	0.12975645	-2.33861	-3.1445394	708000	-0.091002166	0.46268788	0.0	-0.093577586	0.8685094	-7.0780515e-10	121.14464235305786
177	-33.24798	1.4412376	-30.768969	-34.298813	999.0	-2.8969142	0.4276861	-0.77062964	-3.1543639	712000	-0.07510783	0.63755167	0.0	-0.14177516	0.86821	-5.0663945e-10	121.78870344161987
178	-32.223072	1.6842318	-29.629646	-34.128086	999.0	-3.0104594	0.044798877	-2.428439	-3.0289705	716000	-0.0856963	0.5436751	0.0	-0.010273077	0.86791414	-3.2782554e-10	122.43394303321838
179	-32.11212	0.97429234	-30.832785	-33.37792	999.0	-2.920416	0.122882	-1.5127019	-2.9687996	720000	-0.075136304	0.41453582	0.0	-0.051418595	0.8676178	4.768372e-10	123.12572455406189
180	-32.405838	1.7127118	-31.362278	-35.371338	999.0	-2.8985054	0.19146287	-2.017643	-3.0169528	724000	-0.08677893	0.58959836	0.0	-0.011017568	0.8673243	-1.1399388e-09	123.81803011894226
181	-32.88585	0.93919885	-31.639101	-34.199543	999.0	-2.9641635	0.037268694	-2.719186	-2.9868102	728000	-0.07805868	0.47023603	0.0	-0.0100882575	0.86702925	9.76026e-10	124.45788240432739
182	-33.439884	1.243608	-31.996845	-35.325817	999.0	-2.8698943	0.26328924	-1.6527727	-3.0359223	732000	-0.07725439	0.48918203	0.0	-0.030277044	0.86673737	-8.046627e-10	125.1928083896637
183	-32.964912	0.76798683	-31.75038	-33.871117	999.0	-3.0711832	0.26116508	-0.58185315	-3.1558585	736000	-0.08825719	0.5027922	0.0	-0.024526179	0.86644614	1.7136337e-10	125.85492968559265
184	-33.443516	0.5194013	-32.739433	-34.20617	999.0	-2.9702456	0.12339795	-2.356834	-3.064284	740000	-0.095678635	0.5697732	0.0	-0.0539193	0.86615366	1.6465783e-09	126.48899745941162
185	-32.98413	1.2364767	-31.804905	-34.774	999.0	-2.9192753	0.36614972	-1.2594204	-3.2853749	744000	-0.0808723	0.61650205	0.0	-0.049974218	0.8658565	2.30968e-10	127.20596528053284
186	-33.65714	1.1610208	-31.676304	-34.583202	999.0	-3.0020187	0.11849466	-2.2586725	-3.1292653	748000	-0.10818596	0.6253843	0.0	-0.0051227733	0.86556053	-1.6614794e-09	127.88308763504028
187	-32.404335	1.6261612	-29.807283	-34.114258	999.0	-3.0489647	0.1737996	-2.047662	-3.200328	752000	-0.08492767	0.5495375	0.0	-0.027782395	0.8652572	1.862645e-10	128.5098729133606
188	-33.041756	1.0598997	-31.611677	-34.188145	999.0	-2.8396974	0.24509658	-1.7845397	-3.06009	756000	-0.07399294	0.425194	0.0	-0.034148626	0.86495405	7.4505807e-10	129.1810486316681
189	-33.999	1.3019191	-33.1436	-36.250946	999.0	-2.9486856	0.27827522	-0.395873	-3.1616752	760000	-0.10448252	0.4694083	0.0	-0.01693096	0.8646562	1.7508864e-09	129.8633110523224
190	-32.976128	1.7576768	-31.130836	-35.145603	999.0	-3.1451359	0.18041383	-2.192158	-3.2833555	764000	-0.076458395	0.5548013	0.0	-0.036416672	0.86435014	1.8626451e-09	130.51566076278687
191	-32.89361	1.7565707	-29.957428	-34.40557	999.0	-2.8847554	0.3394562	-1.2391874	-3.095593	768000	-0.07740562	0.636443	0.0	-0.106492266	0.86404836	-3.4272674e-10	131.22362446784973
192	-33.591537	0.2911928	-33.148014	-33.888664	999.0	-2.9396358	0.034473248	-2.7915719	-2.9900131	772000	-0.10093649	0.5995232	0.0	-0.025637709	0.86375004	2.682209e-10	131.90317630767822
193	-34.135666	0.5896295	-33.161602	-34.742847	999.0	-2.957569	0.18586107	-2.4923632	-3.14123	776000	-0.08943647	0.61705554	0.0	-0.018693775	0.86344546	-1.5944241e-09	132.55401611328125
194	-31.95743	1.2507957	-30.457617	-33.929893	999.0	-3.0477397	0.2348793	-2.0389597	-3.2823074	780000	-0.088513345	0.51652914	0.0	-0.06370863	0.8631405	-2.682209e-10	133.23728203773499
195	-31.962282	1.5378197	-29.793163	-34.02156	999.0	-2.9031417	0.12261844	-2.0621	-2.948774	784000	-0.08985731	0.5207875	0.0	-0.005298622	0.8628351	1.1175871e-10	133.9552104473114
196	-31.974783	0.9291054	-30.815268	-33.40098	999.0	-2.909171	0.027802244	-2.8626204	-3.091681	788000	-0.097774416	0.583854	0.0	-0.0007932633	0.86252844	-2.9802322e-10	134.67679119110107
197	-31.947083	0.9403387	-30.827951	-33.31423	999.0	-2.8980875	0.02209567	-2.638568	-3.0151892	792000	-0.09862862	0.5204544	0.0	-0.023518465	0.86221915	7.748604e-10	135.32348680496216
198	-32.48446	0.7519469	-31.597513	-33.666954	999.0	-2.7728314	0.24164172	-1.7865492	-2.9416754	796000	-0.087004535	0.5628847	0.0	-0.051636152	0.86190575	-2.3394824e-09	136.02468943595886
199	-33.55037	0.9215279	-32.748302	-35.01705	999.0	-2.9229596	0.16703679	-2.2073264	-3.0526645	800000	-0.07698275	0.41754928	0.0	-0.031480968	0.8615936	-3.054738e-10	136.7355079650879
200	-32.07987	1.3973536	-30.746937	-34.197144	999.0	-3.0544574	0.1844598	-2.4380538	-3.2263348	804000	-0.08235938	0.5320201	0.0	-0.037240945	0.861286	2.4959443e-09	137.38087558746338
201	-33.487976	1.2111168	-31.902208	-34.85637	999.0	-2.8595235	0.16836643	-2.3981502	-3.0672195	808000	-0.07769433	0.43957132	0.0	-0.06109275	0.8609795	9.536744e-10	138.05503916740417
202	-31.734608	0.8803983	-30.775202	-32.866726	999.0	-3.104518	0.2339463	-1.4306684	-3.2514582	812000	-0.093784556	0.49741352	0.0	-0.059984617	0.8606771	-7.45058e-10	138.7366988658905
203	-32.22952	0.3688088	-31.738438	-32.669113	999.0	-2.9320872	0.09647738	-2.026353	-2.9865577	816000	-0.07988451	0.48101977	0.0	-0.007190883	0.860372	-5.8114535e-10	139.3984088897705
204	-32.65033	1.852373	-31.11495	-35.814453	999.0	-2.8229086	0.3758402	0.46581295	-2.9730797	820000	-0.090686	0.6356118	0.0	-0.10052451	0.860069	2.0116564e-10	140.0626757144928
205	-33.69106	2.0991075	-30.788183	-36.079243	999.0	-2.9654486	0.072193645	-2.3865511	-3.0245914	824000	-0.090182886	0.5159254	0.0	-0.025844313	0.8597645	8.866191e-10	140.7571222782135
206	-32.11304	0.40024865	-31.482582	-32.594864	999.0	-2.9803019	0.2212343	-1.8425109	-3.1498768	828000	-0.101896554	0.4077896	0.0	-0.038715586	0.85945934	-4.991889e-10	141.4175853729248
207	-32.57039	1.299839	-31.327015	-34.654423	999.0	-2.958351	0.17993966	-2.1457946	-3.1487288	832000	-0.096369855	0.46615618	0.0	-0.023334213	0.8591495	1.6316772e-09	142.10986590385437
208	-32.06925	0.7625157	-31.443005	-33.363693	999.0	-2.9122913	0.29906467	-1.5306232	-3.235619	836000	-0.08092144	0.32381955	0.0	-0.034860022	0.85883695	7.1525574e-10	142.80038714408875
209	-31.718151	1.0407188	-30.411959	-33.308285	999.0	-2.84264	0.30960464	-1.4374632	-3.1628609	840000	-0.08711411	0.47261292	0.0	-0.027135689	0.8585277	9.983778e-10	143.42808866500854
210	-32.787758	1.4708831	-30.595125	-34.729057	999.0	-2.864704	0.27973843	-1.2175862	-3.0326414	844000	-0.07761103	0.49118215	0.0	-0.04013636	0.85821867	2.1085143e-09	144.11756348609924
211	-32.635155	1.610667	-30.143354	-34.639427	999.0	-3.029641	0.04100305	-2.742638	-3.0666478	848000	-0.10355935	0.66164315	0.0	-0.012689009	0.85791343	-1.1399388e-09	144.80410981178284
212	-31.883308	0.2949537	-31.664091	-32.38722	999.0	-2.9309294	0.060549837	-2.0577502	-2.952509	852000	-0.089469194	0.49617195	0.0	-0.035263985	0.8576026	-8.34465e-10	145.4364812374115
213	-31.7495	1.5184222	-30.59166	-34.33623	999.0	-2.7752273	0.33616906	-0.58144647	-2.989221	856000	-0.08002065	0.48137236	0.0	-0.040779725	0.8572919	-3.799796e-10	146.127587556839
214	-32.901672	1.6705438	-30.141846	-34.402317	999.0	-2.8273568	0.23839587	-1.3845515	-3.0215168	860000	-0.08124359	0.4845339	0.0	-0.034449436	0.8569838	6.0349703e-10	146.81768536567688
215	-32.90094	0.13629639	-32.669945	-33.01914	999.0	-3.0188925	0.1886384	-2.1883771	-3.202293	864000	-0.08242297	0.44990402	0.0	-0.024037693	0.8566782	3.7252923e-11	147.45938730239868
216	-31.854954	1.2509568	-29.77046	-33.103184	999.0	-3.0941482	0.19847807	-1.8207144	-3.2560885	868000	-0.109731525	0.51899415	0.0	-0.052435078	0.8563746	1.989305e-09	148.116534948349
217	-33.01767	1.5909134	-31.812866	-35.70708	999.0	-2.7997956	0.25217363	-1.4190192	-3.0992298	872000	-0.08475518	0.5180345	0.0	-0.049080946	0.85606354	3.0547387e-10	148.82771062850952
218	-32.47119	0.6830731	-31.530684	-33.45864	999.0	-2.8913097	0.5837231	0.13492736	-3.3233554	876000	-0.07556694	0.6612915	0.0	-0.22840106	0.8557535	-1.952052e-09	149.48263669013977
219	-33.181843	0.23920889	-32.8072	-33.47303	999.0	-2.909493	0.17239639	-2.3533978	-3.2340496	880000	-0.082033776	0.43091792	0.0	-0.018756472	0.8554483	-7.301568e-10	150.23138856887817
220	-32.104202	1.9798697	-29.937035	-35.280834	999.0	-3.1089256	0.12713942	-2.6629505	-3.2853484	884000	-0.089421764	0.6520177	0.0	-0.07546694	0.8551449	1.1175869e-09	151.17253732681274
221	-31.18378	1.2139533	-29.38508	-32.80565	999.0	-2.8790627	0.040933833	-2.6213193	-2.910793	888000	-0.08844632	0.50854146	0.0	-0.015548386	0.85484123	1.0654331e-09	151.84662795066833
222	-5.673805	44.274944	70.9999	-32.481674	969.5	-2.8109398	0.12145943	-0.33729377	-3.0303104	892000	-0.007173702	130.56348	0.0	-36.746124	0.8545361	1.6391277e-10	152.5093150138855
223	-31.977985	1.5879707	-29.664661	-34.05948	999.0	-1.7954465	0.7493971	3.470296	-2.3038068	896000	-0.034344994	2.06083	0.0	-1.5779101	0.85425884	5.2154064e-10	153.18547654151917
224	-31.473589	1.461486	-29.147772	-33.131596	999.0	-2.1091945	2.4230196	14.970926	-2.9827905	900000	-0.011280298	6.1338434	0.0	-5.717464	0.85399646	5.1409005e-10	153.84767889976501
225	-32.408817	1.3636912	-30.963171	-34.41225	999.0	-2.9400237	0.05794137	-2.3538024	-2.9649754	904000	-0.06841485	0.46667972	0.0	-0.0050509498	0.8537559	1.4826655e-09	154.46791625022888
226	-32.606125	0.9542947	-31.132551	-33.792114	999.0	-2.9408822	0.117951415	-2.1293244	-2.9954348	908000	-0.10493313	0.5733404	0.0	-0.0066721737	0.8535155	2.4586915e-09	155.1454508304596
227	-31.374624	0.4931701	-30.615084	-31.888498	999.0	-2.8631008	0.22281994	-0.55242735	-2.988333	912000	-0.07612467	0.41185734	0.0	-0.017044298	0.85326207	-1.3485552e-09	155.84141516685486
228	-32.36876	0.24902295	-32.07142	-32.71962	999.0	-2.9051325	0.12596081	-1.8977528	-2.9476838	916000	-0.08289282	0.43733034	0.0	-0.013868168	0.85300696	-4.4703463e-11	156.48715567588806
229	-33.53907	0.92567784	-32.234737	-34.81989	999.0	-2.9619393	0.10052109	-2.0953102	-3.0077047	920000	-0.10732952	0.5357405	0.0	-0.03642027	0.8527486	1.7881396e-10	157.14165019989014
230	-31.68497	2.0024533	-28.694054	-34.28966	999.0	-2.954799	0.24377166	-1.7226764	-3.1408134	924000	-0.08362349	0.36722282	0.0	-0.02261674	0.85247844	0.0	157.84893012046814
231	-31.4414	1.3274038	-29.502972	-33.148685	999.0	-2.7755458	0.30882668	-1.8805416	-3.1517448	928000	-0.095752895	0.49373496	0.0	-0.012228671	0.85220665	1.7881396e-10	158.49634456634521
232	-30.899342	1.4968058	-28.933561	-32.648388	999.0	-3.0880682	0.13600542	-2.2933354	-3.191786	932000	-0.09605592	0.5550834	0.0	-0.13459921	0.8519273	-2.2947786e-09	159.1535460948944
233	-32.79271	1.5537182	-31.267338	-35.391083	999.0	-2.675386	0.23158868	-1.9256666	-3.0074883	936000	-0.10659864	0.71757805	0.0	-0.1439596	0.851643	-5.9604643e-10	159.8388955593109
234	-32.709686	1.4339288	-31.001944	-34.336742	999.0	-2.7031398	0.54930735	2.6734397	-3.0829992	940000	-0.099322736	0.744382	0.0	-0.17153203	0.851351	-7.45058e-10	160.48610472679138
235	-33.36303	0.34375158	-32.84365	-33.80845	999.0	-2.9463868	0.39648315	2.0182936	-3.1854193	944000	-0.10865604	0.50574327	0.0	-0.023031168	0.8510528	-2.4586916e-10	161.17782068252563
236	-33.534702	2.4544537	-30.77372	-36.67615	999.0	-3.212668	0.1397602	-2.3520994	-3.3114896	948000	-0.09197199	0.48649395	0.0	-0.061596945	0.8507465	4.172325e-10	161.84799027442932
237	-31.735281	1.7483903	-29.051506	-33.95202	999.0	-2.9607868	0.25093904	-2.0468066	-3.2491696	952000	-0.09080568	0.49181625	0.0	-0.016203307	0.85043937	1.6093256e-09	162.4801731109619
238	-33.216095	1.2238045	-32.00447	-34.934135	999.0	-2.7914832	0.25939348	-1.8247548	-3.1206784	956000	-0.078198195	0.52667505	0.0	-0.055433586	0.85013145	-2.3767353e-09	163.1444263458252
239	-32.12746	1.2182746	-30.180357	-33.542744	999.0	-3.1912875	0.16089042	-2.6001973	-3.3566413	960000	-0.08425703	0.623636	0.0	-0.0980854	0.8498266	1.2740493e-09	163.86050629615784
240	-32.232826	1.7835332	-29.947104	-34.71517	999.0	-2.7959507	0.19482979	-1.8442904	-2.9962382	964000	-0.09207421	0.5252122	0.0	-0.02355741	0.8495224	1.0877848e-09	164.51442050933838
241	-31.383175	1.642318	-29.218462	-33.64807	999.0	-2.664896	0.4841325	1.810335	-3.0073776	968000	-0.07834021	0.6549775	0.0	-0.17510903	0.8492172	1.7806887e-09	165.18111300468445
242	-32.340317	1.4521381	-30.135944	-33.819344	999.0	-2.921955	0.010745739	-2.824544	-2.9308348	972000	-0.09946406	0.5510122	0.0	-8.21501e-05	0.8489151	1.1920925e-10	165.84477496147156
243	-32.69499	1.104896	-31.472006	-34.220604	999.0	-2.90627	0.06852346	-2.2574625	-2.9400268	976000	-0.097360045	0.54196656	0.0	-0.07400697	0.84860826	-4.917383e-10	166.48998761177063
244	-32.05804	0.81534797	-30.85206	-33.148182	999.0	-3.047478	0.24606298	-1.8905454	-3.1930254	980000	-0.0956521	0.50881857	0.0	-0.03293372	0.8482988	1.4901136e-11	167.15908360481262
245	-32.09397	2.0300238	-30.806322	-35.605484	999.0	-2.8752558	0.22293405	-2.1550279	-3.0921218	984000	-0.094817296	0.52269846	0.0	-0.0034986585	0.8479859	-2.9429794e-09	167.83787059783936
246	-31.836647	1.3773189	-29.726559	-33.12313	999.0	-2.8731437	0.20926818	-2.1468542	-3.0995803	988000	-0.09886626	0.44769928	0.0	-0.019768097	0.8476719	1.5348196e-09	168.475834608078
247	-31.464638	1.085356	-29.910473	-32.93255	999.0	-2.9379003	0.21960966	-2.1668062	-3.2069101	992000	-0.079387985	0.45385647	0.0	-0.01991345	0.8473561	-3.054738e-10	169.12208533287048
248	-31.275135	0.9848802	-29.9292	-32.700012	999.0	-2.856925	0.17295676	-1.9958779	-3.0238552	996000	-0.07963853	0.38699225	0.0	-0.0107396245	0.84704345	1.5050172e-09	169.80048656463623
249	-33.09465	0.8702023	-31.847418	-34.215992	999.0	-2.7043328	0.2281527	-1.9255693	-3.051696	1000000	-0.08855538	0.47496694	0.0	-0.08132375	0.84673375	-9.313226e-10	170.4584367275238
250	-32.2303	0.73242265	-31.345165	-33.35745	999.0	-2.77038	0.39578903	-0.7561935	-3.3158684	1004000	-0.07245155	0.5139283	0.0	-0.060996436	0.84642476	1.0430813e-10	171.1386523246765
251	-30.90444	1.2405406	-29.44415	-32.834	999.0	-3.1878796	0.13790229	-2.7247875	-3.3550751	1008000	-0.07904352	0.5810027	0.0	-0.14397062	0.846121	3.7252906e-10	171.80927419662476
252	-32.22547	1.4315227	-30.433159	-33.965614	999.0	-2.7294724	0.2107546	-1.683528	-2.9679635	1012000	-0.09891319	0.48675954	0.0	-0.040979348	0.8458202	7.152558e-10	172.43815159797668
253	-32.04775	1.8214724	-29.514328	-34.659378	999.0	-2.9326088	0.16774668	-1.9591732	-3.0454159	1016000	-0.08049969	0.47961587	0.0	-0.0036414415	0.845515	6.7800277e-10	173.14129900932312
254	-31.046963	0.8760878	-30.029852	-32.321247	999.0	-2.9367013	0.07727044	-2.52298	-3.0003102	1020000	-0.068560496	0.41187358	0.0	-0.017657213	0.8452124	1.7359854e-09	173.82512974739075
255	-32.260204	0.96740603	-31.04875	-33.700092	999.0	-2.8022945	0.12116843	-2.2710488	-2.9096162	1024000	-0.089613006	0.4489661	0.0	-0.052337363	0.84491545	1.4081598e-09	174.45262718200684
256	-30.807835	1.4548993	-29.725704	-33.3137	999.0	-2.6221147	0.35910958	-1.0703934	-3.1032186	1028000	-0.09206177	0.4544454	0.0	-0.024263695	0.8446176	4.991889e-10	175.10017824172974
257	-31.61986	1.0131525	-30.59427	-33.088173	999.0	-2.8774796	0.24014598	-1.8603944	-3.2017627	1032000	-0.0818553	0.3951157	0.0	-0.008162633	0.84431684	-8.121132e-10	175.77189230918884
258	-31.141764	0.94193083	-29.798534	-32.39496	999.0	-2.8488622	0.2753005	-2.0099428	-3.1436071	1036000	-0.09256944	0.48533887	0.0	-0.020419694	0.84401745	-7.450596e-12	176.4179298877716
259	-31.710445	1.0148644	-30.591618	-33.353477	999.0	-2.798051	0.17250772	-2.226508	-2.970563	1040000	-0.081222475	0.4173122	0.0	-0.008557498	0.8437168	4.1499733e-09	177.08996653556824
260	-31.439945	1.370668	-29.09174	-32.54294	999.0	-2.9750137	0.10810656	-2.5546336	-3.092995	1044000	-0.088238314	0.47395802	0.0	-0.025216304	0.8434178	-1.1697412e-09	177.76577234268188
261	-32.10447	1.3628325	-30.479824	-34.252728	999.0	-2.7817101	0.13295278	-2.2328	-2.9099731	1048000	-0.070526235	0.35992312	0.0	-0.04190655	0.84311706	-5.8859584e-10	178.41437411308289
262	-31.305435	0.7138735	-30.38022	-32.245125	999.0	-2.8533137	0.26736212	-2.024948	-3.1373131	1052000	-0.08877274	0.37250942	0.0	-0.00849808	0.8428218	8.046627e-10	179.16606998443604
263	-30.435658	1.606795	-27.851307	-32.118725	999.0	-2.800096	0.27831116	-1.4825792	-3.1582618	1056000	-0.09543973	0.47694352	0.0	-0.027097613	0.8425254	4.470348e-10	179.86772847175598
264	-31.6276	1.3231745	-29.507278	-32.820114	999.0	-2.816615	0.10976077	-2.302155	-2.898259	1060000	-0.07936539	0.39500037	0.0	-0.0046544224	0.84222555	-2.5331975e-10	180.5181760787964
265	-31.89724	0.65579236	-31.146725	-32.73984	999.0	-2.8346796	0.09169896	-2.1552355	-2.8956707	1064000	-0.095987186	0.43799782	0.0	-0.038348943	0.8419272	-2.8312208e-10	181.19783425331116
266	-30.79907	0.36585566	-30.472193	-31.409952	999.0	-2.891309	0.29778132	-1.9640568	-3.1436572	1068000	-0.09692174	0.43356523	0.0	-0.017808199	0.84162563	-1.4454126e-09	181.86297821998596
267	-30.878328	1.0963199	-30.163382	-32.774246	999.0	-2.8651745	0.18785708	-2.2112308	-3.050249	1072000	-0.083118215	0.42557403	0.0	-0.016762309	0.84132135	1.6391272e-10	182.49916887283325
268	-29.87888	1.6843909	-27.638926	-32.103245	999.0	-2.8458858	0.13842933	-2.3607357	-2.9985757	1076000	-0.07336379	0.40037206	0.0	-0.02400437	0.8410181	8.34465e-10	183.18025827407837
269	-30.7357	0.35692102	-30.16333	-31.146484	999.0	-2.2633903	0.3434593	-0.80026686	-2.8551123	1080000	-0.08982703	0.63999265	0.0	-0.30086386	0.8407191	2.7567149e-10	183.85290908813477
270	-31.40199	1.3148319	-29.275179	-32.616486	999.0	-2.8858318	0.23145115	-2.186471	-3.2046542	1084000	-0.09557058	0.40339154	0.0	-0.015006773	0.840419	3.2037498e-10	184.48306727409363
271	-31.450005	2.6521971	-27.852938	-35.150787	999.0	-2.899446	0.3687926	-0.9718932	-3.2570739	1088000	-0.07480541	0.49952218	0.0	-0.031891264	0.8401157	-4.2468307e-10	185.16167092323303
272	-30.824526	1.2798657	-29.516209	-32.21509	999.0	-2.759459	0.33094072	-1.7808973	-3.1799192	1092000	-0.0808337	0.39105135	0.0	-0.028964952	0.8398168	-2.0042061e-09	185.86824703216553
273	-31.381111	0.3635354	-30.9697	-31.937214	999.0	-2.8580878	0.1767078	-2.051574	-3.1667712	1096000	-0.093995996	0.39352465	0.0	-0.044659235	0.8395191	6.705522e-10	186.4955551624298
274	-32.336163	0.7599078	-31.082157	-33.015724	999.0	-2.7600434	0.28961033	-1.7117691	-3.092959	1100000	-0.082950205	0.508833	0.0	-0.06354664	0.8392183	3.4272674e-10	187.17137360572815
275	-31.121948	1.2548779	-29.112661	-32.568577	999.0	-2.9707763	0.19694479	-2.3263288	-3.217379	1104000	-0.09650689	0.52159077	0.0	-0.07274263	0.8389189	1.0430817e-10	187.86859846115112
276	-30.833221	1.5524257	-29.209589	-33.02027	999.0	-2.755231	0.19968584	-1.9287719	-2.9681187	1108000	-0.097103134	0.37355518	0.0	-0.008459598	0.8386161	2.533197e-10	188.52882647514343
277	-30.325356	0.9082401	-29.312832	-31.567295	999.0	-2.8270743	0.21779154	-2.1572313	-3.040317	1112000	-0.08956936	0.4311555	0.0	-0.0096592605	0.8383101	-7.450581e-10	189.20298957824707
278	-31.57259	0.5460474	-30.713736	-32.21995	999.0	-2.7541757	0.19905391	-2.0388594	-2.928227	1116000	-0.084971294	0.38504937	0.0	-0.020665046	0.83800334	-1.0728836e-09	189.89032554626465
279	-31.153404	0.6900377	-30.112173	-31.964891	999.0	-2.9125776	0.18398641	-2.3110676	-3.0986404	1120000	-0.09541408	0.4391634	0.0	-0.03436221	0.8376976	2.0787119e-09	190.53765106201172
280	-31.249128	1.6849325	-29.155725	-33.633076	999.0	-2.9192944	0.21980804	-1.8762858	-3.1381972	1124000	-0.09650043	0.534474	0.0	-0.015651077	0.8373892	4.7683724e-10	191.25488209724426
281	-31.174816	1.7858441	-29.15077	-33.32604	999.0	-2.7622452	0.20423919	-1.6778102	-3.0355673	1128000	-0.07613556	0.3851264	0.0	-0.029174022	0.8370783	5.0663945e-10	191.92170310020447
282	-31.563124	1.0664196	-29.9704	-32.60389	999.0	-2.6761982	0.32647622	-1.0746369	-3.0375261	1132000	-0.08869915	0.38806388	0.0	-0.033358674	0.83677244	-2.0861625e-10	192.63296699523926
283	-31.160278	1.4434805	-29.93055	-33.62184	999.0	-3.0551372	0.13926263	-2.5244956	-3.20538	1136000	-0.10266021	0.68858063	0.0	-0.09092049	0.83646584	-6.1839817e-10	193.2664499282837
284	-32.23723	0.46850884	-31.608574	-32.775574	999.0	-2.6973584	0.26433513	-1.6718171	-2.9609985	1140000	-0.10566731	0.53378373	0.0	-0.05106607	0.83615464	-3.2037498e-10	193.94215726852417
285	-31.797852	0.8290724	-30.640476	-32.93631	999.0	-2.902673	0.17778912	-2.1766837	-3.1780806	1144000	-0.09915079	0.42957097	0.0	-0.0017934889	0.8358375	2.168119e-09	194.68587112426758
286	-30.074745	1.6871692	-28.341343	-32.533924	999.0	-2.9574213	0.17612146	-2.3536448	-3.1545238	1148000	-0.082973704	0.5278178	0.0	-0.07467674	0.83551794	-1.8626451e-09	195.31236743927002
287	-31.548813	1.0052763	-30.178553	-32.73519	999.0	-2.5721052	0.24191044	-1.7194746	-2.8059964	1152000	-0.09162407	0.44036055	0.0	-0.06756217	0.83520174	7.450581e-10	196.27592015266418
288	-30.537756	0.68532693	-29.394135	-31.178486	999.0	-2.907543	0.164758	-2.4178617	-3.1016486	1156000	-0.0814985	0.43296504	0.0	-0.03238756	0.8348853	8.5681673e-10	196.96064829826355
289	-32.032547	1.1461478	-30.714575	-33.585155	999.0	-2.436712	0.39055634	-0.4063092	-2.938234	1160000	-0.10333831	0.59750485	0.0	-0.23907219	0.8345724	-1.4975667e-09	197.61948943138123
290	-31.633583	1.3399099	-30.328648	-33.86093	999.0	-3.1451068	0.10299259	-2.4350162	-3.223105	1164000	-0.10257576	0.5947076	0.0	-0.13685751	0.8342549	4.3958426e-10	198.25568962097168
291	-31.721233	1.4477017	-29.725428	-33.667088	999.0	-2.8703892	0.34273577	-0.25550765	-3.0782168	1168000	-0.079147965	0.5306264	0.0	-0.043837152	0.8339341	-1.1324882e-09	198.95275378227234
292	-31.71638	1.3607838	-30.323626	-33.93557	999.0	-2.8280458	0.21256623	-0.6907525	-2.943344	1172000	-0.0848628	0.39614215	0.0	-0.008173272	0.8336181	2.9057268e-10	199.6016013622284
293	-31.880943	0.64502084	-31.070822	-32.876076	999.0	-2.8051138	0.2450413	-1.6997828	-2.988352	1176000	-0.07837017	0.4618884	0.0	-0.014046535	0.83330363	-8.568168e-10	200.29934549331665
294	-30.364208	0.7635075	-29.380981	-31.297901	999.0	-2.9247801	0.11998491	-2.0610974	-2.9856575	1180000	-0.07760786	0.39621407	0.0	-0.114966705	0.8329941	9.983778e-10	201.00475645065308
295	-31.08071	1.5274483	-28.78801	-32.86128	999.0	-2.6262074	0.2915668	-1.240162	-3.0159137	1184000	-0.103566006	0.4611671	0.0	-0.036802247	0.83268756	-1.6093253e-09	201.67599606513977
296	-31.474434	1.4866241	-29.103865	-33.11949	999.0	-2.8584828	0.3436173	-0.61680156	-3.0601535	1188000	-0.0957253	0.39731368	0.0	-0.010771107	0.83237654	-1.1101365e-09	202.2993459701538
297	-30.668478	1.5604694	-28.852703	-33.07402	999.0	-2.7201881	0.21971177	-1.913841	-3.0064983	1192000	-0.100887924	0.44552487	0.0	-0.017377883	0.83206385	-1.7136336e-09	202.95966958999634
298	-31.519041	1.0826943	-30.650782	-33.370518	999.0	-2.786961	0.46132082	0.210473	-3.1868618	1196000	-0.04631716	0.3081435	0.0	-0.032882933	0.8317467	-1.7806888e-09	203.67999076843262
299	-32.102787	1.5008078	-30.018183	-33.75047	999.0	-2.9725704	0.18435189	-1.8238764	-3.132355	1200000	-0.10307959	0.44108716	0.0	-0.0427057	0.8314454	-3.1217933e-09	204.33119988441467
300	-30.726458	1.08272	-29.657732	-32.490875	999.0	-2.8185744	0.44360724	-0.4102506	-3.1909628	1204000	-0.08143585	0.48151648	0.0	-0.092205524	0.83113855	-1.8775463e-09	205.0246877670288
301	-30.55877	1.7817004	-27.814888	-32.363605	999.0	-2.7192369	0.2197737	-1.2833576	-2.86745	1208000	-0.09424945	0.2714433	0.0	-0.026583964	0.83083385	2.6822092e-10	205.70073437690735
302	-30.313692	1.0352736	-28.907177	-31.44196	999.0	-2.7992759	0.24578069	-1.707376	-3.0422277	1212000	-0.09049634	0.38337013	0.0	-0.013211548	0.8305279	-1.2144447e-09	206.33424401283264
303	-31.585337	1.4263768	-29.925186	-33.846054	999.0	-2.609661	0.49433792	0.06940234	-3.0087407	1216000	-0.08922765	0.7245298	0.0	-0.32006812	0.8302208	1.5646215e-10	207.05436205863953
304	-30.544483	0.8061673	-29.452135	-31.52138	999.0	-2.8395088	0.02284328	-2.6406093	-2.8469427	1220000	-0.07793671	0.3643049	0.0	-0.053714022	0.8299135	-3.5017733e-10	207.74157118797302
305	-31.062744	0.9642296	-29.593157	-32.081898	999.0	-2.7552583	0.1007593	-2.195682	-2.8499613	1224000	-0.085560866	0.45503646	0.0	-0.010048717	0.8296102	1.2293457e-09	208.37852931022644
306	-30.871407	1.0417349	-29.867594	-32.605305	999.0	-2.7543638	0.48001462	4.9772453	-2.8662083	1228000	-0.05792166	0.46373072	0.0	-0.10232848	0.829307	2.2724271e-09	209.0747151374817
307	-31.242825	0.5054192	-30.592033	-31.960968	999.0	-2.8626797	0.093972966	-2.1534727	-2.9153867	1232000	-0.08319463	0.40871644	0.0	-0.034742024	0.8290141	-1.0803343e-09	209.81973814964294
308	-29.800192	2.0938077	-26.395102	-31.68521	999.0	-2.967034	0.11299222	-2.442668	-3.0558538	1236000	-0.086962804	0.52892566	0.0	-0.09885724	0.82872164	9.834766e-10	210.4572718143463
309	-30.40627	0.3347657	-30.005262	-30.885141	999.0	-2.384273	0.43395093	-0.6000083	-2.9097178	1240000	-0.08418469	0.5050329	0.0	-0.16690084	0.82842815	4.6193602e-10	211.17164421081543
310	-31.46989	1.7150137	-29.20892	-33.162796	999.0	-2.8560648	0.15076531	-2.233892	-2.992873	1244000	-0.076997675	0.4381819	0.0	-0.0042585656	0.82813436	-1.2442469e-09	211.8760540485382
311	-30.380545	1.3564626	-28.724272	-32.502506	999.0	-2.7663574	0.22141992	-1.7711844	-2.9229357	1248000	-0.07898791	0.3434747	0.0	-0.0049008317	0.8278431	1.0952353e-09	212.56065964698792
312	-30.688595	0.7630546	-29.645851	-31.53995	999.0	-2.7127023	0.34405294	-0.8884682	-2.900093	1252000	-0.083579205	0.49345765	0.0	-0.036314353	0.82755435	-4.0978193e-10	213.2515013217926
313	-31.913843	1.2458761	-30.381868	-33.616062	999.0	-2.7987328	0.09783594	-1.9848101	-2.8357594	1256000	-0.09892392	0.45151743	0.0	-0.05074119	0.8272647	-1.1175871e-09	213.92563796043396
314	-31.207363	0.46721423	-30.813602	-31.99939	999.0	-2.781172	0.32142168	-1.4117417	-3.0794015	1260000	-0.07688251	0.44273722	0.0	-0.051871404	0.82696974	-9.685755e-11	214.55634093284607
315	-30.63652	1.3671061	-29.22537	-32.887634	999.0	-2.8712385	0.065766044	-2.4685404	-2.9140122	1264000	-0.09283246	0.46170694	0.0	-0.12843102	0.82667774	2.3171305e-09	215.21367073059082
316	-30.84643	0.87877214	-29.732355	-32.0529	999.0	-2.6192927	0.52987957	-0.5947977	-3.1306963	1268000	-0.07840689	0.52132714	0.0	-0.1094899	0.8263829	2.4214386e-09	215.927983045578
317	-30.751995	1.1593287	-28.793283	-31.764137	999.0	-2.8795009	0.16064318	-2.3411887	-3.1236734	1272000	-0.07599157	0.46484655	0.0	-0.022069842	0.8260903	-1.7434358e-09	216.55212140083313
318	-30.586887	1.1127733	-29.660242	-32.483643	999.0	-2.7318287	0.14792979	-1.7654877	-2.9144096	1276000	-0.080651164	0.36079615	0.0	-0.09365073	0.8258002	1.3113022e-09	217.21333575248718
319	-30.857937	0.6651018	-29.762463	-31.539309	999.0	-2.5852773	0.72179824	0.8892532	-3.1666472	1280000	-0.07936168	0.7010907	0.0	-0.29219797	0.8255113	-8.5681684e-10	217.87210750579834
320	-30.9543	0.75492924	-29.937153	-32.015343	999.0	-2.9128883	0.048971094	-2.62633	-2.9490514	1284000	-0.07392034	0.41724977	0.0	-0.044465065	0.82522357	3.948808e-10	218.53751397132874
321	-31.454239	0.46957716	-30.896906	-32.044086	999.0	-2.5980804	0.4757695	-0.12483901	-2.954304	1288000	-0.087603	0.515307	0.0	-0.12467127	0.8249385	-2.9802327e-11	219.2161476612091
322	-30.195946	0.91521823	-29.08927	-31.467155	999.0	-2.8854046	0.29239538	-1.8646247	-3.1667573	1292000	-0.0999749	0.4622851	0.0	-0.047221437	0.8246518	-1.9073485e-09	219.88883185386658
323	-30.09855	0.34344137	-29.63737	-30.569689	999.0	-2.7911043	0.2089273	-1.2458827	-2.8795536	1296000	-0.089348	0.37111706	0.0	-0.01667694	0.82435924	1.4156103e-09	220.50944828987122
324	-29.33928	1.2282853	-27.69027	-31.043695	999.0	-2.7302837	0.045779064	-2.3780656	-2.7641375	1300000	-0.093185864	0.46868968	0.0	-0.072695985	0.8240641	1.0579825e-09	221.1813576221466
325	-29.612637	1.0715346	-28.870745	-31.460947	999.0	-2.6159225	0.37743133	-0.34346777	-2.9631176	1304000	-0.08334796	0.42297292	0.0	-0.070320904	0.8237675	7.0035466e-10	221.88330078125
326	-30.112116	0.6967231	-28.990614	-30.854025	999.0	-2.6896808	0.12935543	-1.9729136	-2.7819552	1308000	-0.08906337	0.41821155	0.0	-0.04561785	0.8234711	1.6167759e-09	222.51840043067932
327	-30.138237	1.8397297	-27.287657	-32.41162	999.0	-2.6008546	0.39964604	-1.1958458	-3.059479	1312000	-0.09072462	0.46278113	0.0	-0.07350027	0.8231731	-3.3527614e-10	223.1972234249115
328	-30.945904	1.2059135	-28.954159	-32.176987	999.0	-2.81304	0.1737532	-2.0228133	-2.9450731	1316000	-0.08682408	0.47265005	0.0	-0.022660919	0.82287395	1.0058284e-09	223.86837124824524
329	-30.658993	1.0345148	-29.461002	-32.24945	999.0	-2.683148	0.2829681	-0.97604036	-2.926486	1320000	-0.08818273	0.38279098	0.0	-0.028180458	0.8225741	-2.2351737e-10	224.48139691352844
330	-31.076193	1.7284242	-29.537054	-33.84106	999.0	-2.7908804	0.20983502	-1.9209592	-2.9723747	1324000	-0.09530229	0.38043675	0.0	-0.019696876	0.8222734	-5.5879357e-10	225.17608904838562
331	-30.533295	0.95829034	-28.967142	-31.354631	999.0	-2.667062	0.4467805	-1.0588386	-3.087191	1328000	-0.06373283	0.37705845	0.0	-0.049902197	0.8219701	3.0547376e-10	225.85914087295532
332	-30.792637	1.8517346	-27.953678	-32.46118	999.0	-2.732913	0.260731	-1.3627772	-2.979873	1332000	-0.08854212	0.40796012	0.0	-0.029190682	0.82167476	1.1026858e-09	226.50433468818665
333	-29.506533	0.62493277	-28.632679	-30.302778	999.0	-2.8258889	0.21708578	-0.8770646	-2.9427896	1336000	-0.08053351	0.4182395	0.0	-0.04548812	0.8213784	1.2665986e-09	227.17876076698303
334	-31.333288	1.3968534	-29.751045	-33.53158	999.0	-2.681227	0.12265374	-2.003755	-2.761951	1340000	-0.08621283	0.4788419	0.0	-0.0335375	0.8210837	8.195644e-11	227.91865038871765
335	-30.200806	0.62906414	-29.41164	-31.07313	999.0	-2.8954883	0.07918046	-2.5168111	-2.9733558	1344000	-0.08811464	0.4497177	0.0	-0.0503681	0.8207881	1.1399388e-09	228.6974573135376
336	-30.88091	0.719955	-29.830421	-31.856956	999.0	-2.494778	0.34331116	-0.94708097	-2.9009671	1348000	-0.100595966	0.49581927	0.0	-0.11023541	0.82049185	4.1723247e-10	229.4218442440033
337	-29.824776	1.2034405	-28.071968	-31.462778	999.0	-2.8751214	0.17997132	-2.0150557	-3.007361	1352000	-0.081578545	0.4796413	0.0	-0.03722336	0.82019037	-2.1457671e-09	230.3899986743927
338	-29.938648	0.9591885	-28.391806	-30.763443	999.0	-2.7179487	0.12949881	-1.7843103	-2.8053083	1356000	-0.0922944	0.40546656	0.0	-0.07508657	0.81989074	-9.1642144e-10	231.88712167739868
339	-30.256128	0.8796926	-28.769812	-31.067558	999.0	-2.6573822	0.43178457	-1.1083425	-3.1098661	1360000	-0.06982425	0.42169896	0.0	-0.07827226	0.8195889	6.03497e-10	232.72593760490417
340	-29.384216	1.5964723	-27.632763	-31.961826	999.0	-2.7863612	0.085184745	-2.3891296	-2.8576357	1364000	-0.07828643	0.35275403	0.0	-0.05024586	0.8192925	-1.0803343e-09	233.3586597442627
341	-29.514309	1.3776857	-27.317724	-31.120888	999.0	-2.5019083	0.36046505	-1.1354632	-2.9760995	1368000	-0.107727006	0.39121348	0.0	-0.02914039	0.8189986	-8.2701446e-10	234.07845950126648
342	-29.94461	2.320145	-27.670685	-33.75156	999.0	-2.7356381	0.30430296	-1.7326179	-3.0874217	1372000	-0.08404364	0.3585191	0.0	-0.014147509	0.81869775	-7.1525574e-10	234.78871083259583
343	-30.422943	1.7231911	-28.132883	-32.09351	999.0	-2.806814	0.09294742	-2.4270663	-2.9058733	1376000	-0.08748334	0.3876428	0.0	-0.009471677	0.8183976	1.6242266e-09	236.9497618675232
344	-30.53632	1.1575376	-29.249063	-32.414448	999.0	-2.4931686	0.48109937	-0.48492956	-2.8859248	1380000	-0.07152718	0.62291867	0.0	-0.24699771	0.81809634	-7.599592e-10	237.67894554138184
345	-29.526993	0.8978116	-28.594952	-30.882965	999.0	-2.7667012	0.014388642	-2.666968	-2.7946076	1384000	-0.08487296	0.47381967	0.0	-0.037931375	0.8178007	-1.1697412e-09	238.5383915901184
346	-30.238834	1.0109547	-29.039682	-31.79798	999.0	-2.6062086	0.21885715	-1.5712664	-2.8004496	1388000	-0.08080493	0.43628922	0.0	-0.057811245	0.81750494	4.2468312e-10	239.38312935829163
347	-31.072031	1.4481665	-29.637373	-33.326504	999.0	-2.7389743	0.06752535	-2.248222	-2.7764697	1392000	-0.09362649	0.48067683	0.0	-0.06546086	0.817211	3.427267e-10	240.32758140563965
348	-29.784546	1.1853578	-27.919756	-31.09726	999.0	-2.8836694	0.24897099	-1.7797794	-3.094054	1396000	-0.09274528	0.54110694	0.0	-0.06596363	0.8169135	1.1026859e-09	242.55937504768372
349	-30.283438	0.9522567	-29.114758	-31.729204	999.0	-2.6118424	0.28903532	-1.6906533	-3.0528321	1400000	-0.061654877	0.3731029	0.0	-0.03560341	0.81661385	-7.599592e-10	244.19553780555725
350	-29.442345	1.2320194	-28.130568	-31.340288	999.0	-2.771583	0.20415026	-2.119151	-3.0575118	1404000	-0.07987891	0.38161325	0.0	-0.018248089	0.8163227	-3.054738e-10	245.13387179374695
351	-30.814116	1.1728384	-29.806667	-32.801983	999.0	-2.6477735	0.1700435	-1.9761682	-2.9678566	1408000	-0.1029015	0.4230966	0.0	-0.10057102	0.8160326	1.0654331e-09	245.95404362678528
352	-28.420132	0.69338036	-27.387346	-29.322355	999.0	-2.9552119	0.18937902	-2.236327	-3.1812353	1412000	-0.066429436	0.46884775	0.0	-0.16264723	0.8157363	-3.72529e-10	246.93357229232788
353	-30.050825	0.8969409	-29.00502	-31.071539	999.0	-2.4197474	0.36977676	-1.384388	-2.8234735	1416000	-0.10423191	0.5345589	0.0	-0.11594255	0.81544536	3.799796e-10	247.57950091362
354	-30.159567	1.3215504	-28.425476	-32.101665	999.0	-2.7516403	0.25266802	-1.8129925	-3.0384197	1420000	-0.08551955	0.43533945	0.0	-0.041056477	0.81514853	3.799796e-10	248.31642317771912
355	-29.120487	2.4969773	-26.607357	-31.86922	999.0	-2.79385	0.22361004	-1.4283543	-2.9668975	1424000	-0.074113265	0.4440778	0.0	-0.061486542	0.814852	-4.768372e-10	249.01523089408875
356	-30.735073	0.75396585	-29.818941	-31.868227	999.0	-2.5661447	0.33978167	2.0803285	-2.9089391	1428000	-0.082733646	0.41308445	0.0	-0.074800566	0.81455815	-2.3096802e-10	249.72606372833252
357	-30.68226	1.8305842	-28.660305	-33.658066	999.0	-2.8815064	0.11241518	-1.6393251	-2.9953518	1432000	-0.09412404	0.44040674	0.0	-0.027132824	0.81426567	-3.5017733e-10	250.4268000125885
358	-30.55164	1.4556016	-29.147404	-32.79654	999.0	-2.681375	0.32583788	-0.16331106	-2.938437	1436000	-0.10053211	0.48523927	0.0	-0.03781692	0.8139692	-8.866191e-10	251.2118043899536
359	-29.93696	1.3858942	-28.566715	-32.099598	999.0	-2.8228028	0.13821673	-1.8702569	-3.0205388	1440000	-0.08786126	0.39992803	0.0	-0.04609224	0.8136677	7.450596e-12	251.9485228061676
360	-29.753593	0.65025026	-29.112164	-30.574469	999.0	-2.7303076	0.10241771	-1.983444	-2.829178	1444000	-0.10109008	0.37966618	0.0	-0.043009356	0.813366	-8.419156e-10	252.7658348083496
361	-29.773956	1.4134465	-28.156004	-31.735603	999.0	-2.6285331	0.41109437	0.32284242	-3.025096	1448000	-0.073644474	0.52977073	0.0	-0.1813122	0.8130601	-1.2889505e-09	253.4476957321167
362	-30.100971	0.9478465	-28.510162	-30.99482	999.0	-2.6158915	0.3990578	2.0018106	-3.0560398	1452000	-0.06586965	0.47342235	0.0	-0.11857098	0.81275874	1.1920925e-10	254.14162755012512
363	-29.767076	1.9837159	-28.053787	-33.08455	999.0	-2.8223464	0.0811693	-2.5554185	-2.9710002	1456000	-0.087333895	0.48362613	0.0	-0.06489038	0.81246376	1.639128e-10	254.88310074806213
364	-27.858616	1.6241026	-25.755621	-30.207151	999.0	-2.684047	0.25181162	-2.101499	-3.0240335	1460000	-0.07275964	0.3229033	0.0	-0.036360446	0.8121689	7.45058e-10	255.52332282066345
365	-29.079983	1.4102049	-26.76018	-30.43066	999.0	-2.658679	0.19858935	-1.945094	-2.9037204	1464000	-0.07896924	0.2954426	0.0	-0.024656586	0.81187785	-9.685754e-10	256.2525956630707
366	-29.071888	1.2393327	-27.642971	-30.362617	999.0	-2.6284337	0.31429875	-1.1586692	-2.953608	1468000	-0.09812407	0.28951597	0.0	-0.009194553	0.8115882	3.6507847e-10	256.9945363998413
367	-28.839743	0.41461784	-28.462036	-29.53421	999.0	-2.744036	0.2487597	-1.8071287	-2.9945202	1472000	-0.09133152	0.3629166	0.0	-0.025881201	0.811293	-9.0897084e-10	257.7696397304535
368	-28.94393	0.687551	-27.82604	-29.609102	999.0	-1.9932237	0.5807428	-0.0008366108	-2.9311647	1476000	-0.06904952	0.8767466	0.0	-0.5356817	0.8109967	3.9488082e-10	258.4656729698181
369	-30.62593	0.72791415	-30.029198	-31.823343	999.0	-2.7674155	0.21955742	-1.5829391	-2.967315	1480000	-0.07331036	0.46586972	0.0	-0.030302655	0.8107055	9.983778e-10	259.3469898700714
370	-29.268661	2.0999658	-26.20704	-31.994205	999.0	-2.7912898	0.086248785	-2.4533389	-3.050903	1484000	-0.07214236	0.38679808	0.0	-0.03991631	0.8104177	5.9604655e-11	260.0103831291199
371	-29.794802	0.6200322	-29.1184	-30.740282	999.0	-2.6354933	0.10234562	-2.2311866	-2.766757	1488000	-0.085810736	0.437135	0.0	-0.023452029	0.81013334	1.4454127e-09	260.72270369529724
372	-29.412556	1.942636	-26.849258	-31.959877	999.0	-2.639774	0.28634918	-1.5861934	-2.9382882	1492000	-0.093075536	0.48718387	0.0	-0.025439285	0.80984837	1.0207295e-09	261.4930839538574
373	-29.118113	0.7947449	-28.169369	-30.221273	999.0	-2.5742984	0.16384225	-2.023432	-2.8221617	1496000	-0.061268885	0.31099057	0.0	-0.014163781	0.8095588	-3.6507847e-10	262.23415184020996
374	-30.015991	0.81689674	-29.19415	-31.069668	999.0	-2.7023113	0.087486945	-2.2939034	-2.7944875	1500000	-0.07394089	0.37042576	0.0	-0.003420338	0.8092764	-1.6242266e-09	263.0031774044037
375	-29.32497	0.9397865	-28.202406	-30.808859	999.0	-2.6102118	0.19344623	-1.7953286	-2.8936987	1504000	-0.080128916	0.34915814	0.0	-0.010074198	0.80899704	2.8312208e-10	263.777001619339
376	-29.519543	0.36090174	-28.909796	-29.835342	999.0	-2.6602693	0.11816068	-2.2298942	-2.814083	1508000	-0.08162622	0.3695779	0.0	-0.012901191	0.80871755	-2.533198e-10	264.48921179771423
377	-28.789768	1.1998312	-27.109152	-29.982256	999.0	-2.654733	0.17158465	-2.0975828	-2.8100233	1512000	-0.09425174	0.36236167	0.0	-0.033993192	0.80843705	-4.2468307e-10	265.2574071884155
378	-28.041115	1.3575193	-26.300968	-29.886892	999.0	-2.4439323	0.32632825	-1.3852043	-2.920482	1516000	-0.084940575	0.38248894	0.0	-0.09418644	0.8081519	-4.2468312e-10	265.95454716682434
379	-30.063675	1.3740692	-28.684843	-32.15243	999.0	-2.6904404	0.1992403	-1.768843	-2.8411727	1520000	-0.0926653	0.3839932	0.0	-0.0044960827	0.80786645	5.4389226e-10	266.6168007850647
380	-29.411234	0.78293073	-28.589626	-30.321981	999.0	-2.6771145	0.23634377	-1.4230993	-2.838099	1524000	-0.08389187	0.37352517	0.0	-0.0050352328	0.80757654	5.8859595e-10	267.3902771472931
381	-28.180166	1.0001215	-26.798449	-29.227175	999.0	-2.7226396	0.20082226	-1.630325	-2.8278713	1528000	-0.09472096	0.3538734	0.0	-0.05514759	0.807287	-5.662441e-10	268.08601808547974
382	-30.627125	1.4129512	-28.971834	-32.819664	999.0	-2.6168418	0.1586682	-1.7424283	-2.7197788	1532000	-0.09022462	0.4641712	0.0	-0.039289735	0.8069931	-1.1846423e-09	268.78914499282837
383	-29.818375	1.6531101	-27.82607	-31.760748	999.0	-2.7541342	0.076072514	-2.3225043	-2.8005276	1536000	-0.09256421	0.4372332	0.0	-0.06817019	0.8066973	2.8908251e-09	269.4334514141083
384	-28.762873	0.86172867	-27.836143	-29.857868	999.0	-2.55036	0.26258627	-1.846084	-2.9106283	1540000	-0.102171585	0.4823063	0.0	-0.03880112	0.8063985	-2.1010638e-09	270.13513135910034
385	-28.133194	0.77520907	-27.421335	-29.301342	999.0	-2.6004844	0.093685016	-2.0580072	-2.6667395	1544000	-0.0918157	0.39922678	0.0	-0.03659758	0.80609494	-4.023314e-10	270.87956166267395
386	-29.40709	1.8727576	-27.11258	-31.394903	999.0	-2.6178267	0.09545047	-2.178083	-2.7256486	1548000	-0.11063261	0.49893165	0.0	-0.020245142	0.80578977	1.6540289e-09	271.50130105018616
387	-29.933304	0.42172718	-29.272436	-30.405954	999.0	-2.4464605	0.4682016	-0.78106827	-2.8639097	1552000	-0.099295005	0.6706889	0.0	-0.2482626	0.8054766	1.0132789e-09	272.34306025505066
388	-28.86496	1.4263349	-26.497248	-30.040976	999.0	-2.7445493	0.09637467	-1.9785385	-2.7923508	1556000	-0.09123395	0.46681887	0.0	-0.029215384	0.80516064	-3.129244e-10	273.09036445617676
389	-29.821762	1.1794102	-27.925407	-31.11995	999.0	-2.5586622	0.18861409	-1.7171421	-2.7272458	1560000	-0.09086574	0.38190725	0.0	-0.016074553	0.8048447	-1.8775463e-09	273.98113679885864
390	-30.26929	1.6421547	-27.65268	-32.16896	999.0	-2.801044	0.040544633	-2.547887	-2.8368208	1564000	-0.10881424	0.52199537	0.0	-0.10122	0.8045284	-1.4305115e-09	274.64048051834106
391	-28.434044	0.84401083	-27.562304	-29.77035	999.0	-2.7695885	0.24625885	-1.6272324	-3.0790014	1568000	-0.09476212	0.49486038	0.0	-0.049614124	0.8042068	-2.5928022e-09	275.37274980545044
392	-28.046682	1.4688742	-26.069283	-29.550398	999.0	-2.3162622	0.38604474	-1.1105145	-2.762734	1572000	-0.07330586	0.43879128	0.0	-0.10786258	0.8038845	4.9173837e-10	276.11585879325867
393	-30.0216	2.7190225	-27.363523	-34.48642	999.0	-2.5793917	0.13003148	-2.1089175	-2.7219245	1576000	-0.10340047	0.5394113	0.0	-0.031020924	0.8035686	1.0505319e-09	276.9887595176697
394	-29.823555	0.80479735	-28.887812	-30.980469	999.0	-2.5804608	0.29459426	-1.2689767	-2.7619429	1580000	-0.07970011	0.41691056	0.0	-0.040386833	0.80324894	1.4305115e-09	277.7672882080078
395	-29.700268	1.1393915	-28.178066	-31.390821	999.0	-2.7184522	0.05099488	-2.413586	-2.7508235	1584000	-0.093474396	0.42252588	0.0	-0.020424701	0.8029331	1.04308145e-10	278.5305857658386
396	-29.017738	2.2478218	-25.404692	-31.230066	999.0	-2.7258906	0.12900044	-2.1595728	-2.8226666	1588000	-0.10759753	0.4989805	0.0	-0.018168695	0.80261743	8.9406926e-11	279.3536629676819
397	-28.118029	1.7641267	-25.406242	-30.142681	999.0	-2.661705	0.051078092	-2.2193475	-2.6840117	1592000	-0.08370319	0.4218449	0.0	-0.100486204	0.8022958	-8.1956386e-10	280.32824325561523
398	-29.81702	1.4298414	-28.22789	-32.085316	999.0	-2.2062564	0.49316266	-0.7087254	-2.7701697	1596000	-0.09274463	0.72114927	0.0	-0.31230184	0.8019773	1.5944244e-09	281.29212737083435
399	-28.665245	0.9366592	-27.459692	-29.60028	999.0	-2.7549508	0.11313655	-2.1913517	-2.8437643	1600000	-0.08088172	0.35430777	0.0	-0.03076186	0.8016583	-4.3958426e-10	282.0148093700409
400	-29.467655	0.74859756	-28.56863	-30.647839	999.0	-2.5783613	0.18594307	-1.8502591	-2.7561896	1604000	-0.08459373	0.32052022	0.0	-0.00976764	0.8013433	1.423061e-09	282.8189785480499
401	-28.977589	0.6452697	-28.248732	-30.005007	999.0	-2.624103	0.3136549	-1.3348569	-2.888802	1608000	-0.10691282	0.39660427	0.0	-0.022650406	0.80103064	-2.7567149e-10	283.4696750640869
402	-28.086994	0.6593686	-27.01095	-28.65786	999.0	-2.710255	0.23524383	-1.7712919	-2.963457	1612000	-0.07586698	0.36668798	0.0	-0.056678772	0.8007125	8.493662e-10	284.1586239337921
403	-28.927856	0.76718026	-28.145777	-30.137505	999.0	-2.5643563	0.082420364	-2.2570877	-2.6774669	1616000	-0.09395085	0.37999094	0.0	-0.050181117	0.80039984	-7.82311e-10	284.96594738960266
404	-29.462534	1.4523622	-27.867592	-31.776852	999.0	-2.5167508	0.27875647	-1.356787	-2.8925323	1620000	-0.10383312	0.42632335	0.0	-0.030855026	0.80008584	-1.348555e-09	285.84634494781494
405	-29.926695	1.0328524	-28.31932	-31.057781	999.0	-2.5113385	0.45632792	-1.0968771	-2.9738095	1624000	-0.10893595	0.48774207	0.0	-0.07659182	0.799767	-2.30968e-09	286.6188666820526
406	-28.341736	0.7492109	-27.092432	-29.038605	999.0	-2.7750845	0.2779013	-1.6559422	-3.3719587	1628000	-0.08355648	0.3106388	0.0	-0.11513653	0.7994437	8.19564e-11	287.49040269851685
407	-27.731522	0.44988444	-27.082098	-28.211714	999.0	-2.4950273	0.29090863	-1.6740224	-2.8401272	1632000	-0.07280141	0.32064247	0.0	-0.023743607	0.7991234	1.5944244e-09	288.2537798881531
408	-28.901188	1.3833718	-26.616995	-30.342154	999.0	-2.4874578	0.19677751	-1.52411	-2.6548815	1636000	-0.0769167	0.41191375	0.0	-0.045829788	0.79880947	-1.1622906e-09	288.9985456466675
409	-29.102236	1.038943	-28.226244	-30.870243	999.0	-2.5941796	0.0296783	-2.3347745	-2.6785855	1640000	-0.08187966	0.4221804	0.0	-0.018923558	0.7985004	1.527369e-09	289.74964570999146
410	-29.219555	0.8704484	-28.009613	-30.440248	999.0	-2.5854537	0.13802741	-1.9433105	-2.703964	1644000	-0.06627126	0.36611757	0.0	-0.0295519	0.7981944	6.854534e-10	290.3933684825897
411	-30.018091	1.1421804	-28.325686	-31.486189	999.0	-2.581101	0.1696263	-1.8343086	-2.6790495	1648000	-0.08670481	0.35849398	0.0	-0.04478147	0.79789543	-1.4528632e-09	291.9543662071228
412	-29.10122	1.1667267	-27.481024	-30.770819	999.0	-2.8523626	0.089181915	-2.3056202	-2.9209726	1652000	-0.07758092	0.39794144	0.0	-0.10584294	0.79759616	6.183982e-10	293.0494227409363
413	-28.079914	0.57266134	-27.5463	-29.03832	999.0	-2.771891	0.13781762	-2.3275027	-2.9120104	1656000	-0.09299563	0.42917296	0.0	-0.08088036	0.7973003	1.4156101e-10	293.852370262146
414	-28.795626	0.70116836	-28.096367	-29.572704	999.0	-2.2165844	0.4133526	-0.7237142	-2.7953513	1660000	-0.104684055	0.6801659	0.0	-0.24247214	0.7970014	2.0116564e-10	294.9888105392456
415	-29.231285	2.1468112	-25.864388	-31.65307	999.0	-2.5303907	0.2350271	-0.9733335	-2.7805338	1664000	-0.08296612	0.40836453	0.0	-0.03111884	0.7966969	-9.23872e-10	295.9406404495239
416	-28.480717	0.61359453	-27.469059	-29.12476	999.0	-2.631016	0.18734595	-1.856278	-2.8438406	1668000	-0.08388228	0.32879817	0.0	-0.0406418	0.7963938	-1.6391276e-10	296.9997386932373
417	-28.625507	0.91720545	-27.70836	-29.863783	999.0	-2.5525818	0.3688469	-0.63100237	-2.8962245	1672000	-0.10054059	0.29644352	0.0	-0.01608998	0.7960917	1.6540289e-09	297.79426550865173
418	-28.821323	0.3987855	-28.150702	-29.137447	999.0	-2.649149	0.3361856	-1.0742419	-2.898644	1676000	-0.08633402	0.33580136	0.0	-0.026377477	0.7957857	-2.98023e-11	298.4749722480774
419	-29.35802	1.5267586	-28.036177	-31.90387	999.0	-2.6001656	0.3177446	-0.7903108	-2.7371008	1680000	-0.09724837	0.46419382	0.0	-0.040373795	0.79548013	-1.348555e-09	300.1848781108856
420	-28.83257	1.5797333	-26.996254	-31.330715	999.0	-2.6941402	0.056048386	-2.166553	-2.7258368	1684000	-0.10483968	0.40689063	0.0	-0.026357703	0.79517174	-3.9488068e-10	301.151495218277
421	-30.141983	1.3896407	-28.309072	-31.50853	999.0	-2.3744082	0.3439109	-1.3772187	-2.6887286	1688000	-0.10188553	0.5024324	0.0	-0.1353434	0.79485834	-3.6507836e-10	302.0698368549347
422	-29.656227	0.98313445	-28.305048	-31.003946	999.0	-2.7849278	0.17296618	-2.053224	-2.932633	1692000	-0.09115543	0.32891214	0.0	-0.053236738	0.79454064	1.5422701e-09	302.93033599853516
423	-29.050964	1.6688116	-26.930687	-30.855373	999.0	-2.9998074	0.08269471	-2.4615948	-3.0739315	1696000	-0.08523657	0.49292487	0.0	-0.16913755	0.7942241	1.7061829e-09	304.1162803173065
424	-29.04337	1.3313265	-27.44066	-30.48662	999.0	-2.28579	0.5275904	-0.41695923	-2.851754	1700000	-0.058219817	0.6302983	0.0	-0.25090963	0.79390895	6.183981e-10	305.5678970813751
425	-28.738218	0.7071667	-27.92218	-29.845724	999.0	-2.6145961	0.21913022	-1.1265461	-2.7398107	1704000	-0.0745265	0.29533294	0.0	-0.010592591	0.7936055	-8.270145e-10	306.7385115623474
426	-27.985714	2.0877657	-24.555765	-29.819496	999.0	-2.5393345	0.18934475	-1.6964929	-2.7132075	1708000	-0.08205851	0.31258875	0.0	-0.019065864	0.79330665	7.82311e-10	307.61683225631714
427	-27.889963	0.5098609	-27.187256	-28.427408	999.0	-2.5450935	0.19836597	-1.6967822	-2.7085896	1712000	-0.095689125	0.43390948	0.0	-0.016475968	0.79300904	6.705525e-11	308.60783648490906
428	-29.269665	0.7913511	-28.230267	-30.086124	999.0	-2.5411727	0.036752082	-2.2276778	-2.568375	1716000	-0.09858996	0.44985607	0.0	-0.023233652	0.79270804	-1.2069941e-09	309.7407867908478
429	-27.422722	1.0275253	-26.166462	-28.808464	999.0	-2.6698472	0.07972791	-2.1263626	-2.7181551	1720000	-0.08965413	0.36947626	0.0	-0.059505943	0.79240376	7.227063e-10	310.99896454811096
430	-28.964348	0.7347103	-27.86312	-29.752127	999.0	-2.361043	0.20359382	-1.6135421	-2.598143	1724000	-0.09075152	0.40163344	0.0	-0.06985327	0.7920986	-8.866191e-10	312.95189809799194
431	-3.1811314	44.72419	74.232285	-30.455643	975.25	-2.3950834	0.43913478	-0.7579385	-2.8420525	1728000	-0.0126581825	126.99759	0.0	-34.5924	0.7917921	8.8661906e-10	313.8297116756439
432	-28.928516	0.91090345	-27.860348	-30.128277	999.0	-1.8536719	0.31022117	-0.10318607	-2.1130202	1732000	-0.099590026	0.9727791	0.0	-0.57178175	0.79151195	-8.046628e-10	314.6367280483246
433	-28.750546	1.2363634	-27.296064	-30.66303	999.0	-1.1900982	4.0272517	21.846851	-2.7956932	1736000	-0.003228575	17.863014	0.0	-17.446922	0.7912252	-5.5879357e-10	315.55190992355347
434	-27.50769	1.9236997	-24.6368	-29.495562	999.0	-2.6879404	0.032092582	-2.3591397	-2.6997304	1740000	-0.07490975	0.41698307	0.0	-0.037855826	0.7909662	-7.897616e-10	316.3664894104004
435	-28.440506	1.084551	-27.215986	-29.883749	999.0	-2.4810545	0.076826535	-1.9486382	-2.51382	1744000	-0.10820297	0.43265343	0.0	-0.016370818	0.7907068	-8.642673e-10	317.86787128448486
436	-28.462667	1.0678836	-27.098848	-30.088318	999.0	-2.462467	0.3346861	1.5078707	-2.61833	1748000	-0.07217088	0.41571116	0.0	-0.046335183	0.79043615	-1.1026859e-09	319.18463587760925
437	-28.42374	1.6976573	-26.52389	-30.978731	999.0	-2.6258428	0.059374657	-2.1697102	-2.6556177	1752000	-0.07788563	0.34874728	0.0	-0.0030210614	0.7901674	2.4959443e-09	320.0736598968506
438	-28.632666	1.1286666	-26.790085	-29.82338	999.0	-2.5750914	0.08330993	-1.8002676	-2.605443	1756000	-0.09213434	0.38748327	0.0	-0.020032689	0.7898986	1.9446014e-09	321.04127955436707
439	-28.449951	0.2983808	-28.15781	-28.917532	999.0	-2.6345284	0.06166874	-2.2078824	-2.6664295	1760000	-0.10816635	0.45655808	0.0	-0.011410482	0.789625	1.4901161e-09	322.14157724380493
440	-27.673067	0.79703593	-26.410099	-28.540022	999.0	-2.5405166	0.16955549	-1.329265	-2.622231	1764000	-0.092135794	0.36815485	0.0	-0.003828846	0.7893413	1.1622906e-09	323.29769563674927
441	-29.666592	0.92808366	-28.440208	-30.688494	999.0	-2.490145	0.11546977	-1.802437	-2.5652132	1768000	-0.10261027	0.48443198	0.0	-0.03464392	0.7890543	-4.0233133e-10	325.0028932094574
442	-28.693325	0.8397434	-27.763214	-30.025274	999.0	-2.6971867	0.077239595	-2.1440525	-2.740463	1772000	-0.09441613	0.4332987	0.0	-0.015917294	0.7887605	-6.780028e-10	326.105021238327
443	-29.086061	0.6141518	-28.315609	-29.732412	999.0	-2.5534668	0.082277186	-2.024048	-2.6096344	1776000	-0.08682201	0.3694747	0.0	-0.011163853	0.7884634	1.9818545e-09	327.03220534324646
444	-29.2453	0.90286684	-27.795265	-30.279951	999.0	-2.5369358	0.2717055	-1.2097929	-2.6891046	1780000	-0.09464042	0.44760996	0.0	-0.041795798	0.7881659	-4.4703485e-10	328.05177307128906
445	-29.145357	1.4693325	-27.025434	-31.13672	999.0	-2.6799963	0.07307563	-2.04938	-2.7153046	1784000	-0.08228663	0.43984833	0.0	-0.0024731457	0.7878658	2.9057262e-10	328.7343227863312
446	-28.15857	0.6983432	-26.975693	-28.685598	999.0	-2.636522	0.08928936	-1.7816665	-2.6818426	1788000	-0.083912686	0.37968928	0.0	-0.01893358	0.78756744	3.017485e-09	329.5100338459015
447	-28.646784	1.0022417	-27.28385	-29.934906	999.0	-2.524519	0.25964448	-0.7501376	-2.6373794	1792000	-0.0821795	0.42793837	0.0	-0.009360731	0.78726965	5.215406e-11	330.3119113445282
448	-27.847813	2.1952746	-26.366016	-31.63109	999.0	-2.6098325	0.060702942	-2.064963	-2.6447566	1796000	-0.07686145	0.3385898	0.0	-0.03501095	0.78697354	-1.0207295e-09	331.1127429008484
449	-28.156456	0.6056261	-27.491707	-29.121275	999.0	-2.4528863	0.29058105	-0.90788805	-2.6339831	1800000	-0.08743136	0.35557392	0.0	-0.02412811	0.78667974	2.9057262e-10	331.8267719745636
450	-28.551228	1.2148665	-26.912054	-30.182518	999.0	-2.50559	0.23204839	-1.1811144	-2.6732638	1804000	-0.08855272	0.33818775	0.0	-0.024257634	0.7863852	9.834766e-10	332.56083846092224
451	-28.186752	1.6779662	-25.67816	-30.1574	999.0	-2.6332526	0.20571642	-0.9420416	-2.722309	1808000	-0.0893597	0.35122097	0.0	-0.029235564	0.7860894	5.885959e-10	333.2963089942932
452	-27.910927	1.686873	-25.973467	-30.517351	999.0	-2.5638041	0.24381275	-1.1062602	-2.7089276	1812000	-0.10061644	0.39359844	0.0	-0.010082461	0.7857929	1.9818545e-09	334.00237131118774
453	-28.080597	2.1161346	-26.315212	-31.684475	999.0	-2.601806	0.11825816	-2.0544686	-2.691314	1816000	-0.09695407	0.39778912	0.0	-0.06265053	0.78549117	1.1473894e-09	334.69444942474365
454	-27.52684	0.8650886	-26.06012	-28.288029	999.0	-2.3616185	0.42034847	-0.82842106	-2.8031383	1820000	-0.0902712	0.42478472	0.0	-0.053177796	0.78518605	8.4191565e-10	335.46139121055603
455	-28.948486	0.7395049	-28.229984	-30.187536	999.0	-2.5679858	0.20782712	-1.726538	-2.763401	1824000	-0.10283615	0.46085453	0.0	-0.025512569	0.78488	-7.525086e-10	336.20480823516846
456	-27.845043	0.47532287	-27.250416	-28.578264	999.0	-2.6156006	0.15581997	-1.6721555	-2.7085633	1828000	-0.08088577	0.30227637	0.0	-0.018233024	0.7845699	-9.76026e-10	336.968790769577
457	-27.755165	0.9975809	-26.757936	-29.277164	999.0	-2.525139	0.2491113	-1.4122057	-2.6780224	1832000	-0.065527216	0.32944125	0.0	-0.043578718	0.7842628	1.6167759e-09	337.6460666656494
458	-27.701357	0.53011763	-26.811918	-28.176922	999.0	-2.5010607	0.07355443	-1.9906082	-2.5439594	1836000	-0.10730699	0.44452336	0.0	-0.0010760278	0.7839633	-7.45054e-12	338.6157851219177
459	-27.5387	1.1999567	-26.007917	-28.829157	999.0	-2.4455884	0.149365	-1.22839	-2.515994	1840000	-0.09434224	0.35753343	0.0	-0.00812456	0.7836568	1.348555e-09	340.1461238861084
460	-29.025448	0.83432096	-27.629028	-29.756079	999.0	-2.5696547	0.05675877	-2.0124795	-2.6005342	1844000	-0.075564906	0.32413784	0.0	-0.017078184	0.7833484	-1.4901161e-10	340.9263687133789
461	-27.560368	0.89808995	-26.880333	-29.09771	999.0	-2.453073	0.585161	6.1869564	-2.6992304	1848000	-0.04413423	0.45024604	0.0	-0.1756148	0.7830449	9.164213e-10	341.782258272171
462	-28.439323	0.84924245	-27.49885	-29.40957	999.0	-2.4188535	0.33277297	-0.8608575	-2.5772066	1852000	-0.09118175	0.45291805	0.0	-0.068250395	0.78275675	1.3113022e-09	342.5138051509857
463	-28.286518	0.9464051	-27.50622	-29.838093	999.0	-2.5671136	0.029914394	-2.349186	-2.5843477	1856000	-0.077401474	0.36988246	0.0	-0.06460813	0.7824651	-1.4901143e-11	343.2463345527649
464	-27.676155	0.66470623	-26.576717	-28.285004	999.0	-2.5383291	0.15583839	-1.8073568	-2.6746316	1860000	-0.090099886	0.38082933	0.0	-0.013851307	0.78217626	1.9669533e-09	344.2150650024414
465	-29.368279	0.82720834	-28.159485	-30.330927	999.0	-2.5017095	0.15305318	-1.5494106	-2.5736341	1864000	-0.09043768	0.3724401	0.0	-0.04694131	0.78188485	1.6316772e-09	344.93751192092896
466	-27.238968	0.9712123	-26.204742	-28.575615	999.0	-2.6508598	0.21506561	-1.6460304	-2.8266776	1868000	-0.07497703	0.41179007	0.0	-0.041316047	0.7815917	-7.5995926e-10	345.5657560825348
467	-28.143024	0.9374012	-27.112873	-29.567047	999.0	-2.5096443	0.2968554	-0.6126305	-2.6662405	1872000	-0.10466164	0.26273173	0.0	-0.013185892	0.7813017	-1.9893052e-09	346.3857035636902
468	-28.44363	0.723762	-27.3703	-29.285305	999.0	-2.3711624	0.33270136	-0.65330726	-2.7473776	1876000	-0.09525483	0.47344583	0.0	-0.071203865	0.7810044	-1.7732382e-09	347.1007869243622
469	-27.797619	1.1205393	-25.902718	-28.822899	999.0	-2.617228	0.08755277	-2.0703008	-2.6956682	1880000	-0.094941065	0.35413766	0.0	-0.012885701	0.78070444	-1.4156107e-10	347.8027083873749
470	-28.502293	0.44055104	-27.900478	-29.033876	999.0	-2.4898856	0.20909894	-1.1758183	-2.5949283	1884000	-0.08596072	0.2648496	0.0	-0.023860123	0.7804013	8.7916846e-10	348.46313428878784
471	-27.373638	1.6161172	-25.245136	-29.78242	999.0	-2.30384	0.4344688	-0.27771783	-2.7698958	1888000	-0.090945736	0.32228115	0.0	-0.037429594	0.7800993	2.2873283e-09	349.34797716140747
472	-26.722958	0.23870704	-26.47294	-27.055254	999.0	-2.658957	0.2035533	-1.799091	-2.866292	1892000	-0.07381406	0.3008308	0.0	-0.08441515	0.77979594	7.674097e-10	350.73855543136597
473	-27.885422	0.8644886	-26.949903	-29.270866	999.0	-2.4487333	0.33805895	-1.047323	-2.736676	1896000	-0.07907314	0.32039282	0.0	-0.017281167	0.7794971	1.1771917e-09	351.6514239311218
474	-28.790703	0.9547704	-27.628298	-30.177763	999.0	-2.476332	0.24364601	-1.7115786	-2.749508	1900000	-0.08803923	0.31277457	0.0	-0.039164495	0.77920115	9.536744e-10	353.1569046974182
475	-27.294704	0.5465147	-26.39404	-27.866743	999.0	-2.4154196	0.43028474	-1.1960368	-2.9852924	1904000	-0.063062504	0.38550416	0.0	-0.06533366	0.77890426	2.577901e-09	355.2323727607727
476	-28.36369	0.6551863	-27.745342	-29.31156	999.0	-2.6168146	0.19817266	-1.4775026	-2.742014	1908000	-0.081165165	0.30218005	0.0	-0.020302396	0.77861476	-6.780029e-10	358.1312735080719
477	-27.774542	0.98600334	-26.177557	-28.85394	999.0	-2.524695	0.20997608	-1.7822535	-2.7653587	1912000	-0.0930268	0.34493682	0.0	-0.0039602965	0.7783265	1.0430812e-10	360.9181659221649
478	-29.254227	1.003219	-27.564278	-30.187246	999.0	-2.3973613	0.44425973	-0.015133917	-2.701203	1916000	-0.099693604	0.4713272	0.0	-0.11668067	0.7780346	-1.3411044e-09	376.28543734550476
479	-27.503056	0.6496888	-26.670122	-28.151186	999.0	-2.7521443	0.042764433	-2.4850795	-2.7918258	1920000	-0.077675	0.42283207	0.0	-0.10280691	0.7777382	-8.9406926e-11	386.99103140830994
480	-27.731478	0.6401644	-26.746025	-28.535635	999.0	-2.1721077	0.40216282	-0.588399	-2.6077182	1924000	-0.104251444	0.36903638	0.0	-0.13751434	0.7774445	-1.1175877e-10	394.9337146282196
481	-27.62733	1.8224883	-25.21118	-29.7736	999.0	-2.650938	0.20031053	-1.8429148	-2.8446736	1928000	-0.09406281	0.39625716	0.0	-0.023563161	0.7771436	-2.6524067e-09	399.4025528430939
482	-26.459442	0.47806677	-25.653963	-26.907429	999.0	-2.459419	0.2693301	-0.9942744	-2.6560414	1932000	-0.09276737	0.3334891	0.0	-0.018519804	0.77684045	-8.3446494e-10	401.4709243774414
483	-26.625948	1.0774717	-25.220184	-27.7791	999.0	-2.4753008	0.09858384	-1.9417844	-2.538284	1936000	-0.072416194	0.30317074	0.0	-0.0069563203	0.7765365	-2.3841856e-10	402.36590576171875
484	-28.458641	1.0344436	-26.930716	-29.479385	999.0	-2.3836973	0.11231867	-1.6748649	-2.460981	1940000	-0.07791866	0.3530884	0.0	-0.04031481	0.77623737	1.758337e-09	403.18155813217163
485	-27.235958	1.4414856	-25.656324	-28.79992	999.0	-2.560027	0.051308464	-2.1452367	-2.596352	1944000	-0.09551726	0.3948963	0.0	-0.06089387	0.7759405	7.376074e-10	403.92556643486023
486	-27.16581	1.1056004	-25.33292	-28.227678	999.0	-2.480917	0.41698712	0.087495744	-2.7383091	1948000	-0.08779717	0.40347278	0.0	-0.10302106	0.77564096	1.1771917e-09	404.8197717666626
487	-27.137102	0.9091938	-25.571262	-27.782267	999.0	-2.4419696	0.098702215	-1.7779689	-2.5079167	1952000	-0.09468199	0.3390197	0.0	-0.016945831	0.7753409	-2.667308e-09	405.6755836009979
488	-27.052319	1.4687119	-25.519192	-28.661602	999.0	-2.460925	0.14041118	-1.9569898	-2.579073	1956000	-0.09001875	0.33292624	0.0	-0.012315936	0.7750382	1.7732382e-09	406.611177444458
489	-28.10215	1.361024	-26.263498	-30.071966	999.0	-2.4699893	0.030349841	-2.3117883	-2.493456	1960000	-0.0898864	0.4234593	0.0	-0.00574442	0.77473485	1.1920931e-10	407.5783474445343
490	-28.00357	1.1534623	-26.015726	-28.848059	999.0	-2.4775069	0.12726635	-1.6433476	-2.5732656	1964000	-0.09382291	0.33448333	0.0	-0.02841591	0.7744311	-1.6465782e-09	409.5903925895691
491	-27.409327	0.9707369	-26.069023	-28.68825	999.0	-2.63898	0.20983157	-1.2696781	-2.75375	1968000	-0.088787794	0.31810462	0.0	-0.037620813	0.77412534	1.7136337e-10	410.85186409950256
492	-27.627941	0.6082689	-26.886261	-28.407448	999.0	-2.5223002	0.18212545	-1.825418	-2.6834705	1972000	-0.088913605	0.32975084	0.0	-0.019703627	0.7738189	1.8924475e-09	411.9967517852783
493	-27.409546	1.2450804	-26.621206	-29.564602	999.0	-2.4407053	0.38826275	-0.18249846	-2.7566395	1976000	-0.06329767	0.29934132	0.0	-0.04736302	0.7735132	-2.2500755e-09	412.823664188385
494	-27.290695	1.1308998	-26.334534	-29.216026	999.0	-2.4502213	0.31895983	-0.33539033	-2.673738	1980000	-0.07906176	0.28772765	0.0	-0.03199562	0.7732156	9.76026e-10	413.66473150253296
495	-27.449625	0.9616135	-26.351059	-28.644993	999.0	-2.5098107	0.19640361	-1.5605344	-2.7255597	1984000	-0.09347062	0.37984893	0.0	-0.0072429217	0.77292085	1.3634562e-09	414.46193957328796
496	-27.135399	1.2969081	-24.896832	-28.002216	999.0	-2.2128735	0.5414056	1.5339583	-2.7005649	1988000	-0.09172787	0.54858124	0.0	-0.21664506	0.7726231	-2.3767353e-09	415.32578015327454
497	-27.610641	1.3885663	-25.72057	-29.258554	999.0	-2.5219173	0.08988596	-2.1585968	-2.607753	1992000	-0.097372435	0.38485113	0.0	-0.0044457465	0.7723236	4.097819e-10	416.0330054759979
498	-28.235298	1.016423	-27.305754	-29.949226	999.0	-2.4655135	0.21489197	-0.8802534	-2.5797155	1996000	-0.08323747	0.30279928	0.0	-0.026531462	0.7720203	8.940697e-10	416.82474517822266
499	-27.34196	0.16742517	-27.07555	-27.538582	999.0	-2.52792	0.18697195	-1.5097553	-2.6898785	2000000	-0.10202508	0.31456634	0.0	-0.010779671	0.7717184	-1.1771917e-09	417.60017943382263
