Epoch	AverageEpRet	StdEpRet	MaxEpRet	MinEpRet	EpLen	AverageVVals	StdVVals	MaxVVals	MinVVals	TotalEnvInteracts	LossPi	LossV	DeltaLossPi	DeltaLossV	Entropy	KL	Time
0	20.381443	9.572774	70.0	9.0	20.381443	-0.2569911	0.068806976	-0.04863075	-0.43767667	4000	0.0058836015	212.07071	0.0	-129.40259	0.68870854	-8.940697e-11	0.816842794418335
1	21.763737	11.2900915	82.0	10.0	21.763737	7.7534385	0.28118488	8.096844	6.0872483	8000	0.0062632766	109.66437	0.0	-34.83871	0.68952644	-8.0466267e-10	1.512988805770874
2	21.543957	11.582752	84.0	9.0	21.543957	11.341524	2.8164492	13.1093645	-6.593933	12000	0.0052519627	86.8723	0.0	-6.2740326	0.6900027	-1.296401e-09	2.217775344848633
3	24.66875	13.052645	74.0	9.0	24.66875	12.8162985	3.4218986	14.91999	-4.6241765	16000	0.0029100135	91.3489	0.0	-6.979274	0.69054794	1.296401e-09	2.9407029151916504
4	22.556818	11.9457655	63.0	9.0	22.556818	14.085104	4.480398	16.897388	-5.2290435	20000	0.0003339816	76.85477	0.0	-1.1851845	0.6906619	1.4901164e-11	3.6050162315368652
5	22.602339	11.146278	66.0	8.0	22.602339	13.748905	4.067644	16.27977	-2.3612216	24000	-0.0008777827	83.53589	0.0	-0.88713074	0.69090414	-7.4505807e-10	4.333093881607056
6	22.305084	11.538079	78.0	9.0	22.305084	13.629319	4.445211	16.481762	-3.4768174	28000	-0.0026333192	71.46059	0.0	-6.167845	0.69103634	-2.9802324e-10	5.0494818687438965
7	23.553572	13.754548	83.0	10.0	23.553572	12.544422	4.299212	16.76292	-0.8952344	32000	-0.006929766	96.86191	0.0	-11.360166	0.6905777	-8.940698e-11	5.718890905380249
8	24.41358	13.655662	89.0	9.0	24.41358	14.227116	5.0215106	18.896696	-0.33839855	36000	-0.009248095	84.36925	0.0	-6.490324	0.6905408	1.0430817e-10	6.429488182067871
9	24.14375	14.028029	88.0	9.0	24.14375	14.618955	5.2486386	19.781942	-1.5760189	40000	-0.010822136	97.02415	0.0	-4.8483334	0.6897945	3.2037495e-10	7.179352045059204
10	27.737589	17.184294	110.0	9.0	27.737589	15.4357815	5.647976	20.833904	-0.002276916	44000	-0.014044248	112.36032	0.0	-8.867638	0.6893159	5.8859584e-10	7.8509440422058105
11	26.05921	16.558203	123.0	9.0	26.05921	16.724817	6.4982033	22.765059	-1.9681509	48000	-0.016824555	110.97263	0.0	-6.761462	0.68890846	-7.4505807e-10	8.527114391326904
12	27.865248	14.755319	82.0	9.0	27.865248	16.255915	6.7862372	23.191334	-1.0569329	52000	-0.017773876	82.296875	0.0	-3.7100477	0.6882967	8.195636e-11	9.245841026306152
13	29.058823	18.340635	95.0	9.0	29.058823	15.853846	6.568644	22.877645	-0.1397112	56000	-0.016083024	126.83258	0.0	-9.695631	0.6873615	1.7732382e-09	9.95827031135559
14	27.212328	14.015261	99.0	10.0	27.212328	17.8889	6.882559	24.189526	0.15005913	60000	-0.022250026	80.27921	0.0	-8.076954	0.6863461	7.376075e-10	10.629510641098022
15	25.245033	14.77019	107.0	9.0	25.245033	15.415945	6.5101194	22.510101	0.72419024	64000	-0.02199947	105.8286	0.0	-2.5457325	0.68546	9.164214e-10	11.355029344558716
16	26.732876	14.428516	96.0	9.0	26.732876	15.955995	7.086196	23.690645	-0.07801326	68000	-0.026740553	79.3945	0.0	-2.2396545	0.68441576	4.3213366e-10	12.054288625717163
17	27.62937	15.4203005	106.0	8.0	27.62937	15.752321	6.684112	23.203745	-0.023243658	72000	-0.02673092	92.91112	0.0	-6.8011456	0.68335146	-1.2665988e-09	12.751281976699829
18	28.828358	17.574799	110.0	10.0	28.828358	16.244919	7.123324	23.478823	0.38786778	76000	-0.027166372	112.99295	0.0	-5.558281	0.6828618	4.3213372e-10	13.457809448242188
19	30.351145	18.109896	122.0	9.0	30.351145	17.468594	7.6556225	25.12987	0.48203513	80000	-0.028775973	111.06193	0.0	-4.328747	0.6819966	-6.556511e-10	14.141765594482422
20	28.251799	16.213545	107.0	9.0	28.251799	17.902155	7.9469156	26.050299	0.20674133	84000	-0.031552184	91.63623	0.0	-2.946639	0.6799977	4.4703485e-10	14.875191926956177
21	30.26923	18.363756	110.0	9.0	30.26923	16.27891	7.546648	25.39511	0.75171185	88000	-0.030281428	121.93616	0.0	-9.544329	0.67923445	5.7369476e-10	15.56120252609253
22	31.475807	18.46901	120.0	10.0	31.475807	18.537935	7.5622115	26.260971	0.35297862	92000	-0.030127693	120.457405	0.0	-5.663006	0.6784235	-8.1956414e-11	16.269035816192627
23	32.7563	23.799925	151.0	10.0	32.7563	17.954838	8.052107	27.115047	-1.7968535	96000	-0.029524432	214.44995	0.0	-35.59916	0.6775866	-7.0035455e-10	16.99628734588623
24	32.636364	24.423943	179.0	10.0	32.636364	20.474556	9.025449	29.10361	0.45167527	100000	-0.03281758	188.36957	0.0	-4.592188	0.67592126	1.5646215e-10	17.662744760513306
25	31.856	18.15035	115.0	10.0	31.856	20.568996	8.954566	29.808453	0.20117143	104000	-0.037361417	113.692085	0.0	-8.153765	0.6742279	-3.2782554e-10	18.35054874420166
26	32.858334	20.047565	132.0	9.0	32.858334	18.59706	7.827918	26.381454	0.08942562	108000	-0.037082065	128.57242	0.0	-3.1725254	0.6726707	6.705522e-11	19.06576895713806
27	35.0	19.141857	130.0	10.0	35.0	19.312683	8.166724	27.723967	0.1559753	112000	-0.03527891	115.57775	0.0	-2.2901096	0.6730845	-1.7136331e-10	19.737488269805908
28	32.254097	16.227665	114.0	10.0	32.254097	18.833605	8.497808	27.11529	0.1057031	116000	-0.039637342	91.92139	0.0	-5.140502	0.6716831	1.2069941e-09	20.439709424972534
29	33.846153	21.277819	111.0	11.0	33.846153	17.592052	7.7494993	26.98536	0.65178305	120000	-0.033640366	147.78738	0.0	-11.115974	0.67042017	9.983778e-10	21.163585901260376
30	34.892857	17.41477	100.0	10.0	34.892857	20.335411	8.523513	29.198881	0.5307965	124000	-0.042628594	96.0854	0.0	-7.0766573	0.66967463	-7.0780515e-10	21.887617588043213
31	35.396397	19.932898	129.0	11.0	35.396397	19.950089	8.6551895	29.016762	0.5774709	128000	-0.035207894	117.14028	0.0	-4.266775	0.66811	-8.3446505e-10	22.559451580047607
32	34.403507	19.00264	106.0	9.0	34.403507	19.766066	8.680287	29.20296	0.19346172	132000	-0.0453489	110.25963	0.0	-1.9720726	0.6636553	3.3527614e-10	23.32292938232422
33	37.528847	18.546696	130.0	11.0	37.528847	19.896551	8.413931	29.871773	0.38684934	136000	-0.039435092	120.558784	0.0	-7.987116	0.6650151	6.109476e-10	24.02910828590393
34	38.227722	22.760431	141.0	11.0	38.227722	20.442265	8.255456	28.517673	-0.12437943	140000	-0.04231617	145.34338	0.0	-6.695986	0.6641191	-1.8328429e-09	24.6929771900177
35	37.23077	21.901102	127.0	10.0	37.23077	21.628511	9.495362	30.642626	0.4716619	144000	-0.04414889	141.89397	0.0	-3.2905235	0.65996575	-1.04308145e-10	25.4514901638031
36	37.61905	21.160782	111.0	12.0	37.61905	20.495127	9.148062	30.423807	0.71706843	148000	-0.04174815	123.740524	0.0	-3.2688885	0.66178644	-5.587935e-10	26.15109133720398
37	36.019417	21.0888	104.0	9.0	36.019417	21.03491	9.041779	31.040466	0.074202485	152000	-0.041493602	169.46698	0.0	-9.839605	0.6601164	5.5134297e-10	26.83137845993042
38	41.591396	21.10661	97.0	8.0	41.591396	23.065248	9.490093	31.969072	0.20086378	156000	-0.04607129	127.321556	0.0	-4.661688	0.658961	7.450582e-12	27.528088331222534
39	39.414143	22.45265	156.0	9.0	39.414143	22.421188	9.515086	32.69671	-0.014927551	160000	-0.039861646	139.8475	0.0	-3.3332691	0.65799826	-1.7881391e-10	28.219690322875977
40	42.141304	21.691303	119.0	14.0	42.141304	21.744158	8.901127	31.886189	0.38624084	164000	-0.039355595	132.32553	0.0	-5.6664677	0.65729225	6.3329936e-10	28.939435482025146
41	43.55056	26.297354	133.0	12.0	43.55056	21.900063	9.887639	32.90551	0.11630015	168000	-0.03378256	190.39267	0.0	-12.7802925	0.6573086	-5.6624416e-10	29.6110520362854
42	44.13793	23.733759	127.0	13.0	44.13793	25.505129	9.907736	35.68719	-0.119794935	172000	-0.03989547	144.18474	0.0	-7.7913685	0.65498817	-9.909272e-10	30.291266202926636
43	40.791668	22.817627	114.0	12.0	40.791668	24.354853	10.456374	34.63136	-0.24402508	176000	-0.047882784	124.0527	0.0	-9.857906	0.65215456	4.0233136e-10	30.981852293014526
44	46.011906	26.983458	125.0	12.0	46.011906	23.036476	10.201241	34.85241	0.25132036	180000	-0.038971223	169.01059	0.0	-12.7938	0.65344584	1.3709068e-09	31.623233556747437
45	42.692307	23.828918	136.0	11.0	42.692307	24.265024	11.042803	36.38161	0.816745	184000	-0.05051394	137.25166	0.0	-4.9981327	0.6507313	3.1292438e-10	32.31060552597046
46	47.317074	25.97507	130.0	15.0	47.317074	23.58596	9.697001	35.224224	0.120126575	188000	-0.045176923	176.46439	0.0	-12.646502	0.64999664	-1.8626445e-10	33.02959895133972
47	50.394737	34.170654	243.0	13.0	50.394737	25.383257	10.822504	37.37553	-0.14775884	192000	-0.044791646	253.65198	0.0	-20.891666	0.64896345	5.8114535e-10	33.68245077133179
48	45.92683	27.991627	188.0	12.0	45.92683	27.642933	11.448118	41.89103	-0.9530571	196000	-0.042615775	189.39339	0.0	-17.383547	0.6510451	-2.4586916e-10	34.42227125167847
49	43.05618	22.273256	137.0	10.0	43.05618	24.788713	11.797027	43.355103	-0.48482186	200000	-0.04903175	164.84708	0.0	-16.097857	0.64588785	1.862645e-10	35.12635660171509
50	49.628204	27.253372	185.0	11.0	49.628204	23.972403	10.601397	38.046463	1.5724897	204000	-0.037357524	163.71143	0.0	-11.9686775	0.6490501	-8.940697e-10	35.77306580543518
51	44.741177	25.160263	155.0	9.0	44.741177	25.204483	11.171485	39.879555	1.187269	208000	-0.049329285	168.01831	0.0	-9.3756695	0.6424272	-1.192093e-10	36.47802233695984
52	51.092106	30.22424	180.0	13.0	51.092106	25.4609	10.420593	37.739525	-0.30577508	212000	-0.043855056	204.79123	0.0	-22.524551	0.6415963	-5.438924e-10	37.17192316055298
53	63.85	44.72316	215.0	15.0	63.85	26.64965	11.262856	39.37704	0.25477645	216000	-0.027955998	381.9264	0.0	-103.139175	0.64639956	4.2468307e-10	37.841103076934814
54	49.0	26.826605	168.0	15.0	49.0	32.18169	14.604786	50.009342	1.3009773	220000	-0.04531406	226.80597	0.0	-59.227634	0.64084935	1.0803343e-09	38.555704832077026
55	52.863014	30.620665	157.0	11.0	52.863014	27.852573	11.428213	43.88392	0.7383577	224000	-0.04097253	193.36267	0.0	-12.120892	0.6396912	6.631017e-10	39.250160217285156
56	54.47222	31.192938	150.0	18.0	54.47222	26.601597	12.466249	44.978657	0.6511021	228000	-0.04051947	207.21593	0.0	-24.131365	0.64127064	-9.536744e-10	39.952075242996216
57	50.311687	25.017532	105.0	15.0	50.311687	28.718363	12.09181	44.346973	0.7534555	232000	-0.04824052	147.30182	0.0	-17.30933	0.6380133	5.140901e-10	40.64211893081665
58	52.039474	31.47281	207.0	12.0	52.039474	25.331078	11.693186	41.575024	-0.17478609	236000	-0.045839407	211.60426	0.0	-22.478128	0.6381442	9.387732e-10	41.34113574028015
59	53.98611	25.255083	123.0	14.0	53.98611	26.329948	11.598964	45.342144	-0.3160994	240000	-0.047491416	155.10184	0.0	-13.635422	0.63692075	-6.705522e-10	42.06187605857849
60	54.7	33.902107	159.0	14.0	54.7	27.208511	11.561757	46.259293	0.5516795	244000	-0.042523086	240.03473	0.0	-19.279022	0.63321495	1.7806887e-09	42.71311402320862
61	51.894737	27.43345	135.0	16.0	51.894737	27.875032	11.680766	44.386505	0.96016335	248000	-0.049714055	149.03607	0.0	-4.3519077	0.63344616	3.5762787e-10	43.400086879730225
62	56.652172	28.704302	146.0	14.0	56.652172	27.584837	11.7021885	42.615593	0.98937845	252000	-0.04104909	177.51718	0.0	-6.423376	0.6319957	2.1606683e-10	44.07943511009216
63	57.880596	31.952635	130.0	12.0	57.880596	28.966522	11.616533	43.42177	0.13700303	256000	-0.044393107	189.60019	0.0	-18.157814	0.6314331	-5.885959e-10	44.72041058540344
64	57.02941	34.45456	168.0	14.0	57.02941	29.80155	12.755633	46.73327	0.019766778	260000	-0.039394993	237.67067	0.0	-22.68145	0.6322298	1.0430813e-09	45.802470684051514
65	57.75	32.553745	163.0	17.0	57.75	28.72699	12.572883	45.38652	0.6884664	264000	-0.04584708	211.68188	0.0	-18.45377	0.6286677	-9.611248e-10	46.61240768432617
66	55.608696	29.180208	195.0	20.0	55.608696	26.73953	13.218702	45.063652	0.60247064	268000	-0.04402344	203.50409	0.0	-35.951088	0.6320381	-1.3411046e-09	47.284372091293335
67	63.65574	36.92566	208.0	20.0	63.65574	29.958004	11.265647	44.50244	0.15358442	272000	-0.043117262	236.24684	0.0	-28.29401	0.62942785	-3.7252923e-11	47.98915076255798
68	57.84375	33.267487	157.0	15.0	57.84375	29.52499	13.580192	46.508774	0.143415	276000	-0.047275618	249.26764	0.0	-32.01545	0.6305119	-6.556511e-10	48.65259146690369
69	66.45614	40.564034	212.0	18.0	66.45614	33.507717	13.894285	50.642216	0.9539085	280000	-0.04089509	252.6459	0.0	-31.548653	0.6302409	5.736947e-10	49.37870979309082
70	69.16071	32.475143	147.0	14.0	69.16071	32.135452	15.094471	51.198692	0.5586614	284000	-0.046436697	246.68784	0.0	-35.124798	0.626166	4.991889e-10	50.081820249557495
71	61.174603	28.28738	152.0	17.0	61.174603	32.15539	12.241815	46.07546	1.0914155	288000	-0.059602726	184.63306	0.0	-18.216715	0.62593997	6.705523e-10	50.76174712181091
72	68.350876	35.403187	149.0	13.0	68.350876	30.288403	11.527108	44.77189	0.24099213	292000	-0.049261324	209.4786	0.0	-17.737644	0.6274505	3.054738e-10	51.47639226913452
73	67.36207	42.66417	222.0	14.0	67.36207	33.157665	13.063702	48.4782	0.96105975	296000	-0.052806355	251.59126	0.0	-17.996346	0.6228301	-1.862645e-10	52.18177151679993
74	56.68182	29.240982	193.0	15.0	56.68182	31.069633	15.016233	49.792652	0.6578249	300000	-0.05433191	226.3532	0.0	-34.176235	0.61911225	-8.195644e-11	52.92664551734924
75	70.81481	38.76428	167.0	17.0	70.81481	29.783329	12.104819	46.060917	0.15673226	304000	-0.045760117	294.67758	0.0	-47.01003	0.62269235	9.1642144e-10	53.619369983673096
76	73.754715	39.24952	184.0	17.0	73.754715	34.44792	12.5463085	49.685284	0.7459587	308000	-0.05307581	260.46985	0.0	-25.96202	0.6244953	9.089708e-10	54.34460735321045
77	74.98039	45.357616	202.0	19.0	74.98039	34.806675	13.453937	51.14893	1.4372461	312000	-0.054573193	314.97348	0.0	-44.87226	0.6221474	1.3634562e-09	55.08484888076782
78	86.47727	61.63805	262.0	12.0	86.47727	35.327374	14.009619	52.164886	0.511395	316000	-0.05072353	489.01855	0.0	-150.99457	0.6207741	2.2351743e-10	55.75679302215576
79	91.59524	46.635906	217.0	21.0	91.59524	42.69514	14.359958	61.00551	0.8965896	320000	-0.05249459	323.00006	0.0	-68.97461	0.62087154	-2.9057262e-10	56.472245931625366
80	64.355934	34.834602	147.0	17.0	64.355934	39.70645	15.792357	58.160698	-0.03074199	324000	-0.06250203	277.19214	0.0	-73.44017	0.6159027	1.1920929e-09	57.185173749923706
81	66.82758	35.681126	157.0	14.0	66.82758	31.295277	13.2106285	51.524307	0.68871254	328000	-0.06896399	237.80368	0.0	-21.202644	0.6151242	-2.2351743e-10	57.84174203872681
82	85.977776	57.34476	270.0	19.0	85.977776	33.330853	11.602908	48.843376	0.9025423	332000	-0.053001598	428.71643	0.0	-107.994385	0.62007344	3.725298e-11	58.495344161987305
83	84.08696	37.463505	167.0	18.0	84.08696	36.985992	15.06044	58.251812	-1.0299196	336000	-0.055495676	300.19833	0.0	-68.99434	0.61852646	4.5448542e-10	59.203067779541016
84	80.702126	43.02296	202.0	19.0	80.702126	38.86351	11.43102	52.608734	3.0877976	340000	-0.054814827	294.65363	0.0	-41.82275	0.61165416	-5.5134297e-10	59.88400721549988
85	101.51282	54.995514	306.0	30.0	101.51282	35.83364	15.215674	55.51623	1.2407067	344000	-0.041897364	371.75372	0.0	-103.34833	0.6190771	8.7916846e-10	60.53966450691223
86	94.46342	57.543663	256.0	21.0	94.46342	44.71022	14.6789055	62.83005	4.484466	348000	-0.050915234	392.8459	0.0	-65.96885	0.6191547	6.0349703e-10	61.28194832801819
87	89.47619	45.62541	245.0	20.0	89.47619	38.360485	15.523045	58.776672	0.24234939	352000	-0.059705418	295.09625	0.0	-56.297874	0.61645925	-1.5869738e-09	62.02517795562744
88	112.882355	60.176582	288.0	20.0	112.882355	39.65925	14.801265	60.786274	3.5003195	356000	-0.051535852	412.53094	0.0	-113.93219	0.6166437	7.3015693e-10	62.69984745979309
89	97.23684	58.776756	246.0	17.0	97.23684	46.154522	15.710986	65.64553	3.4712152	360000	-0.06276895	384.84247	0.0	-57.581352	0.6143125	8.717179e-10	63.41859793663025
90	92.0	50.504597	246.0	13.0	92.0	45.195805	14.22426	62.04004	4.6864614	364000	-0.060298175	328.16116	0.0	-52.51416	0.61242044	6.1839817e-10	64.10908365249634
91	95.15385	50.869637	266.0	23.0	95.15385	38.772614	15.489469	56.094223	0.40689266	368000	-0.058632433	380.64117	0.0	-78.44462	0.6122509	-1.2665985e-10	64.75696873664856
92	95.3	46.236458	218.0	19.0	95.3	43.062935	14.698934	60.29468	1.3390682	372000	-0.06084735	307.0766	0.0	-50.92356	0.6082473	1.2069941e-09	65.4577808380127
93	99.97222	51.092773	245.0	25.0	99.97222	40.713123	14.054379	57.825565	-0.07667112	376000	-0.056706324	275.9118	0.0	-50.165257	0.61110365	1.5348196e-09	66.14620566368103
94	113.15151	60.0677	260.0	36.0	113.15151	44.108303	16.779755	66.78634	2.4352472	380000	-0.06140835	274.7976	0.0	-31.307705	0.6116351	-1.6763806e-09	66.7982964515686
95	102.5	59.212658	247.0	11.0	102.5	46.654316	18.201462	68.531845	1.8637137	384000	-0.06086473	383.05246	0.0	-82.09655	0.60740626	-1.2591481e-09	67.48267102241516
96	96.02631	55.179367	241.0	19.0	96.02631	41.091564	17.720987	63.62772	1.2240684	388000	-0.06267834	400.7428	0.0	-79.81737	0.6086437	-8.1956386e-10	68.17039513587952
97	129.21428	67.39773	278.0	21.0	129.21428	43.622936	16.112177	63.58443	-1.6349373	392000	-0.050617293	493.61224	0.0	-116.46422	0.6112322	-2.9057268e-10	68.89728808403015
98	135.48148	70.84797	291.0	15.0	135.48148	50.678383	16.792683	70.643715	5.8122263	396000	-0.050323218	354.11694	0.0	-64.41234	0.6085204	-5.215406e-11	69.551260471344
99	114.30303	66.68628	297.0	24.0	114.30303	53.88549	16.758549	72.12252	3.0262876	400000	-0.047923975	447.88345	0.0	-106.716484	0.6088918	-5.215406e-10	70.25274109840393
100	117.96875	63.390892	271.0	20.0	117.96875	47.342453	15.86743	67.15291	4.097945	404000	-0.06482072	363.07236	0.0	-64.153824	0.6048796	7.9721213e-10	71.00082540512085
101	105.22222	58.93976	251.0	18.0	105.22222	46.802204	17.88406	67.744705	0.62857604	408000	-0.07438639	305.61884	0.0	-35.28193	0.5980861	-6.1094757e-10	71.66203212738037
102	144.1923	69.18038	288.0	41.0	144.1923	46.099907	15.409612	63.024715	3.7974515	412000	-0.052320577	414.50076	0.0	-126.83976	0.6061441	-1.4156105e-10	72.39463067054749
103	119.71875	60.881664	294.0	24.0	119.71875	54.783092	18.084824	72.98716	6.9433823	416000	-0.049714666	396.9995	0.0	-86.167816	0.5996621	1.1622905e-09	73.11544108390808
104	147.76	102.80517	446.0	20.0	147.76	46.644405	15.812638	68.05978	0.7991039	420000	-0.056377202	510.6967	0.0	-150.032	0.603897	-3.9488077e-10	73.76040887832642
105	127.37931	87.590904	352.0	22.0	127.37931	55.06395	18.087566	73.92278	2.6802566	424000	-0.05248167	511.96948	0.0	-145.52441	0.5957192	2.6077035e-10	74.48176550865173
106	115.86667	57.816223	259.0	35.0	115.86667	51.24239	17.452526	72.20041	3.7590384	428000	-0.055948973	349.92487	0.0	-43.844135	0.59610546	4.768371e-10	75.17555212974548
107	175.28572	94.2702	473.0	63.0	175.28572	48.0051	17.2105	69.861664	-1.174294	432000	-0.06115905	412.00967	0.0	-153.54988	0.6011205	6.631017e-10	75.88400459289551
108	150.08	49.090057	261.0	65.0	150.08	56.024914	19.924171	75.6533	4.858228	436000	-0.048472818	289.66888	0.0	-112.60572	0.59839624	-5.215407e-10	76.5532739162445
109	117.48387	69.22002	332.0	21.0	117.48387	47.74987	20.409523	74.09302	1.2245507	440000	-0.054129377	347.92438	0.0	-77.54183	0.5950736	4.470349e-11	77.25171542167664
110	143.0	49.728058	256.0	46.0	143.0	49.620705	17.531807	71.29392	0.69345677	444000	-0.0697349	249.26364	0.0	-70.57793	0.5936599	-5.8859584e-10	77.95556426048279
111	159.52174	79.87265	287.0	37.0	159.52174	52.92926	19.31096	75.233215	2.8624954	448000	-0.04692132	272.54492	0.0	-58.678596	0.59777033	1.1250376e-09	78.62090921401978
112	154.04167	69.83462	297.0	47.0	154.04167	55.734665	20.117397	78.72682	1.4358326	452000	-0.050284915	484.6178	0.0	-226.97285	0.5946703	-1.0281801e-09	79.325279712677
113	191.1579	84.58895	356.0	48.0	191.1579	50.09957	18.905373	74.709915	3.0592418	456000	-0.050150793	461.755	0.0	-206.10796	0.59559935	1.1026859e-09	80.0202796459198
114	137.32	65.40075	329.0	55.0	137.32	59.828228	20.116446	79.64385	5.2819743	460000	-0.044649173	406.2133	0.0	-125.97583	0.58903736	1.9371513e-10	80.6912145614624
115	173.90909	95.41579	500.0	48.0	173.90909	52.008236	19.479252	73.57443	-1.6919384	464000	-0.05193601	357.53174	0.0	-128.41296	0.591256	-1.1101365e-09	81.40061068534851
116	184.77777	51.835804	314.0	125.0	184.77777	57.71046	20.192339	77.89943	8.111088	468000	-0.03720054	181.89706	0.0	-39.873096	0.59695053	6.6310163e-10	82.10709762573242
117	202.35294	113.205666	500.0	26.0	202.35294	63.642944	20.182472	81.16391	7.746093	472000	-0.04211459	190.82297	0.0	-36.216904	0.59191036	-5.8859584e-10	82.75415539741516
118	167.42857	79.67886	353.0	45.0	167.42857	59.79271	22.408937	84.20386	5.466127	476000	-0.04515135	304.58936	0.0	-63.04237	0.5884919	3.5762793e-10	83.47879815101624
119	164.66667	69.74671	309.0	28.0	164.66667	59.124424	19.525064	81.15576	6.804576	480000	-0.056071572	251.04057	0.0	-69.71039	0.58725727	5.9604655e-11	84.19197225570679
120	161.04546	68.23321	280.0	21.0	161.04546	55.408043	19.552645	77.423386	7.057359	484000	-0.052494504	261.9477	0.0	-43.277306	0.58394134	-1.490116e-09	84.92724466323853
121	168.4762	51.565605	285.0	65.0	168.4762	57.865025	20.7058	81.88059	5.3155375	488000	-0.058401816	251.53653	0.0	-51.791706	0.5889824	-7.450579e-11	85.58899998664856
122	180.65	71.91473	330.0	69.0	180.65	50.60529	21.079138	78.4064	1.3368955	492000	-0.038977318	300.3822	0.0	-118.207535	0.5863257	-2.3096797e-10	86.28001809120178
123	189.6842	82.47236	412.0	49.0	189.6842	59.644592	19.014652	80.94557	6.5521483	496000	-0.04530014	236.38786	0.0	-66.82873	0.5859487	-1.3411044e-10	87.01860928535461
124	179.05	53.555084	297.0	93.0	179.05	57.619812	20.599571	81.9616	6.082246	500000	-0.03664894	223.2245	0.0	-87.82739	0.5878198	1.0058283e-09	87.69204783439636
125	188.0	94.532005	425.0	69.0	188.0	56.95902	21.523119	83.74105	1.0685284	504000	-0.050440617	271.5814	0.0	-90.42666	0.58557546	5.2154073e-11	88.3698787689209
126	180.85715	57.698963	266.0	65.0	180.85715	58.379265	21.893053	87.0262	8.888985	508000	-0.052794702	186.51013	0.0	-50.85338	0.5836684	2.607703e-10	89.10928559303284
127	176.0	67.81258	289.0	39.0	176.0	56.828434	19.942194	82.16978	5.740351	512000	-0.04778577	336.8449	0.0	-104.874054	0.5774965	5.140901e-10	89.81625151634216
128	187.9	82.4384	310.0	57.0	187.9	58.32553	19.87355	81.17781	5.3313828	516000	-0.041320004	287.96524	0.0	-49.084732	0.57989764	5.9604655e-11	90.51974821090698
129	177.33333	70.843445	321.0	55.0	177.33333	57.910927	19.22024	82.889725	6.0419436	520000	-0.05753047	275.25754	0.0	-67.93183	0.57757115	7.674098e-10	91.26607990264893
130	175.0	80.292885	354.0	19.0	175.0	52.82107	21.617659	82.79961	4.5786185	524000	-0.04620746	398.9492	0.0	-154.03069	0.5789212	-1.490115e-11	91.97616577148438
131	213.625	94.17794	408.0	90.0	213.625	62.921513	18.303772	81.504585	7.107549	528000	-0.048913494	279.04065	0.0	-92.01881	0.5822835	-1.2069941e-09	92.62670016288757
132	169.0	54.545975	287.0	95.0	169.0	62.832752	22.102745	87.282074	9.384439	532000	-0.032402545	232.15077	0.0	-89.99678	0.5786497	1.5646218e-10	93.34627842903137
133	244.0	105.42928	424.0	75.0	244.0	58.725704	20.00917	87.76336	3.4973562	536000	-0.04957188	326.30316	0.0	-123.75694	0.5821388	7.748604e-10	94.06723308563232
134	236.28572	84.58421	361.0	104.0	236.28572	65.489655	21.101538	90.10129	3.7699833	540000	-0.03923612	217.51303	0.0	-94.918335	0.5813445	5.289913e-10	94.71520042419434
135	246.0	113.86132	500.0	80.0	246.0	69.766624	21.622633	88.98634	3.8267646	544000	-0.031491518	302.47556	0.0	-82.73195	0.5757233	7.4505846e-11	95.43610453605652
136	261.69232	126.47066	489.0	39.0	261.69232	59.846554	24.190218	87.79424	2.7663798	548000	-0.030943464	503.8073	0.0	-263.1153	0.58117956	1.1101365e-09	96.13442254066467
137	217.0625	68.793594	317.0	89.0	217.0625	64.7809	21.380415	91.309456	1.8403251	552000	-0.032892555	319.06332	0.0	-143.98694	0.5760627	-6.8545336e-10	96.76924800872803
138	245.57143	95.503716	393.0	114.0	245.57143	71.453384	19.635113	89.20351	0.39955366	556000	-0.026521714	220.65897	0.0	-80.17814	0.5760257	1.6391277e-09	97.46917581558228
139	185.36842	65.59622	335.0	100.0	185.36842	63.35225	23.823845	90.79273	5.191679	560000	-0.04619012	236.86581	0.0	-79.52923	0.5744693	-1.0579825e-09	98.15928077697754
140	221.78572	86.890884	355.0	78.0	221.78572	60.55103	20.007656	84.47536	6.373302	564000	-0.042488314	396.21945	0.0	-157.29161	0.57175106	4.768371e-10	98.82987880706787
141	288.5	99.664856	500.0	97.0	288.5	71.84645	18.87013	94.16125	13.538722	568000	-0.03717309	349.99908	0.0	-130.95195	0.57070434	-1.0728836e-09	99.53115892410278
142	211.29411	70.11064	345.0	117.0	211.29411	62.314575	24.73777	92.74061	0.2325759	572000	-0.0381298	296.04285	0.0	-132.65756	0.57109416	-5.066394e-10	100.24193978309631
143	225.33333	118.573	500.0	95.0	225.33333	64.61006	20.590883	88.163605	1.7360277	576000	-0.03751872	417.66315	0.0	-140.05183	0.5695496	3.2782554e-10	100.94658780097961
144	192.0	65.50632	353.0	100.0	192.0	64.22089	17.051117	86.37058	6.1195045	580000	-0.042321987	353.7208	0.0	-131.94833	0.56858313	1.6391279e-10	101.61761832237244
145	210.85715	78.10511	405.0	125.0	210.85715	71.25511	21.170725	90.566284	-5.4880614	584000	-0.03221834	262.66736	0.0	-102.74628	0.5654783	8.940704e-11	102.32304286956787
146	230.14285	78.95646	368.0	103.0	230.14285	66.80087	22.602005	89.67268	-1.1589832	588000	-0.02761884	237.89273	0.0	-86.10909	0.5767871	6.109476e-10	103.04196906089783
147	219.5	83.886086	371.0	116.0	219.5	63.41204	22.528633	89.61463	-0.35553306	592000	-0.04253785	349.56024	0.0	-104.435074	0.56875575	4.2468307e-10	103.6727499961853
148	262.85715	122.0327	500.0	105.0	262.85715	63.02527	18.043623	86.800735	6.8243923	596000	-0.03355729	275.62985	0.0	-148.67136	0.5663853	3.4272668e-10	104.35612201690674
149	254.85715	95.351875	445.0	108.0	254.85715	64.75359	26.122396	93.704384	-1.7271185	600000	-0.036932692	448.2452	0.0	-278.45972	0.5651035	4.544854e-10	105.10107755661011
150	228.53334	69.46449	368.0	115.0	228.53334	68.63223	19.571642	92.1288	7.6817665	604000	-0.056801178	249.1864	0.0	-100.19318	0.55902857	1.3113022e-09	105.753333568573
151	272.25	114.29066	480.0	89.0	272.25	58.697685	21.910036	92.58499	3.0283422	608000	-0.032047234	367.6029	0.0	-246.30322	0.5671015	5.2154064e-10	106.45026326179504
152	241.78572	93.45678	500.0	92.0	241.78572	71.66581	22.906387	95.9889	5.6858435	612000	-0.02782191	286.59113	0.0	-112.264175	0.56911314	-2.0861629e-10	107.16444325447083
153	287.66666	139.73805	500.0	145.0	287.66666	68.33555	21.764519	93.38126	4.0209374	616000	-0.01199002	361.12155	0.0	-124.10508	0.56096256	-2.3096797e-10	107.82020497322083
154	272.84616	92.74601	400.0	103.0	272.84616	69.36634	18.662035	94.84526	9.923458	620000	-0.033560008	466.58917	0.0	-169.55695	0.56244266	-2.9057262e-10	108.50970649719238
155	209.13333	91.60922	500.0	92.0	209.13333	67.46407	19.662703	88.16942	-1.4102569	624000	-0.048969593	330.0996	0.0	-96.23472	0.56377107	2.7567149e-10	109.24285578727722
156	250.0	125.747	500.0	97.0	250.0	72.578316	18.61598	88.3133	1.697866	628000	-0.038638067	420.6173	0.0	-87.243126	0.56134564	-8.121133e-10	109.93752646446228
157	248.18182	131.80345	500.0	104.0	248.18182	64.20096	20.760448	87.56278	2.9025688	632000	-0.036280103	339.7963	0.0	-115.35399	0.55893236	-7.599592e-10	110.62212228775024
158	242.64285	97.20568	500.0	120.0	242.64285	72.26875	16.374195	91.62495	12.096435	636000	-0.028012317	407.80283	0.0	-150.26595	0.557348	-2.2351745e-11	111.3284318447113
159	299.1111	134.65712	500.0	125.0	299.1111	68.42741	21.335938	93.04039	6.7261796	640000	-0.020603675	335.4467	0.0	-183.97025	0.5595393	7.748604e-10	112.01481819152832
160	241.84616	130.79453	500.0	93.0	241.84616	75.84792	21.420853	95.98406	8.030293	644000	-0.021947507	304.8577	0.0	-139.9673	0.5579975	2.4586916e-10	112.65234446525574
161	306.0	144.66074	500.0	115.0	306.0	68.364655	20.945526	92.222725	9.052891	648000	-0.025045883	429.6627	0.0	-152.37634	0.5552216	-1.475215e-09	113.33648681640625
162	246.46666	89.226204	403.0	116.0	246.46666	67.47591	23.274946	90.69337	5.599038	652000	-0.027778111	361.62927	0.0	-166.72844	0.5539981	7.1525574e-10	114.08076667785645
163	284.66666	139.8245	500.0	109.0	284.66666	68.12151	18.78911	88.11766	5.00495	656000	-0.029494647	305.69296	0.0	-97.2424	0.5563028	1.6093253e-09	114.73194742202759
164	270.45456	90.43266	457.0	158.0	270.45456	69.385025	22.454256	94.50373	7.8314075	660000	-0.026513949	183.58916	0.0	-97.59245	0.55877316	-7.7486034e-10	115.42741298675537
165	276.07693	116.57778	500.0	156.0	276.07693	75.82669	18.793846	93.92465	12.086598	664000	-0.04235939	216.88184	0.0	-100.61196	0.55149275	2.0861626e-10	116.1305935382843
166	317.0	137.57253	500.0	140.0	317.0	69.74329	20.8569	92.69132	8.515574	668000	-0.03335897	282.801	0.0	-111.35419	0.5530687	-1.0207296e-09	116.81012034416199
167	317.63635	103.96265	500.0	189.0	317.63635	74.48358	19.572271	93.78725	8.586832	672000	-0.02205369	270.92667	0.0	-55.861423	0.5527166	2.4437905e-09	117.50938725471497
168	293.27274	113.180534	500.0	133.0	293.27274	67.39371	22.305227	92.174095	1.5986917	676000	-0.019880746	192.30035	0.0	-75.81366	0.55883956	2.7865172e-09	118.22164463996887
169	292.91666	114.2362	500.0	129.0	292.91666	75.72642	20.131304	94.03525	1.9358144	680000	-0.026387732	244.56963	0.0	-62.372917	0.5509833	5.5879357e-10	118.93408179283142
170	318.8	124.919014	476.0	86.0	318.8	70.47618	19.932016	93.3566	6.692441	684000	-0.034179434	308.8971	0.0	-154.312	0.5514176	-8.9406965e-10	119.59625172615051
171	336.4	153.0217	500.0	116.0	336.4	74.86699	19.44927	94.95788	7.3527613	688000	-0.029566368	307.52594	0.0	-152.15369	0.55080366	-9.834767e-10	120.29654741287231
172	372.22223	136.50786	500.0	120.0	372.22223	72.06293	22.800964	96.59391	2.4651475	692000	-0.007831885	357.4974	0.0	-156.54712	0.55274826	-1.7210842e-09	121.00360822677612
173	290.91666	102.74115	500.0	135.0	290.91666	74.690796	22.000425	95.13503	3.340328	696000	-0.022845685	303.75705	0.0	-125.0381	0.5528254	2.2947788e-09	121.64560389518738
174	294.0	120.80977	500.0	131.0	294.0	73.70867	18.820086	90.75585	6.6406994	700000	-0.030880546	289.28687	0.0	-105.042175	0.551597	0.0	122.35055923461914
175	287.0909	129.70699	500.0	91.0	287.0909	70.47088	21.440334	92.53768	4.237891	704000	-0.03838422	301.91385	0.0	-107.17805	0.54915196	3.4272674e-10	123.10518765449524
176	315.0909	105.536255	500.0	128.0	315.0909	75.48575	21.98488	94.32924	7.7882156	708000	-0.022412358	260.2878	0.0	-69.59473	0.54882956	-1.2591481e-09	123.80693221092224
177	358.77777	87.803795	500.0	274.0	358.77777	75.34937	16.973276	94.38155	14.768233	712000	-0.028244391	313.4876	0.0	-138.30452	0.55010515	7.003545e-10	124.50059509277344
178	271.33334	124.117775	500.0	108.0	271.33334	72.57784	18.258865	95.578514	10.210291	716000	-0.042926632	393.8791	0.0	-141.51938	0.54722434	6.705521e-11	125.16701936721802
179	233.78572	97.250175	500.0	111.0	233.78572	65.646965	21.044903	93.929	0.1916554	720000	-0.033053108	305.0251	0.0	-100.182655	0.53926206	1.0579824e-09	125.84782552719116
180	321.0	110.48228	500.0	98.0	321.0	69.51553	20.149193	92.93479	-0.8639924	724000	-0.023438366	353.0974	0.0	-135.28354	0.54318213	8.5681684e-10	126.55852365493774
181	293.36365	100.05568	500.0	173.0	293.36365	73.28732	21.04022	95.29013	-0.9367693	728000	-0.032060713	321.04504	0.0	-133.14258	0.54830873	-6.3329936e-10	127.24799346923828
182	321.18182	96.688644	500.0	141.0	321.18182	68.63529	21.01307	92.80951	7.365495	732000	-0.03498459	291.0649	0.0	-115.09796	0.5481751	-2.9057262e-10	127.92425608634949
183	339.8889	106.04239	500.0	189.0	339.8889	77.384544	18.991102	95.56829	10.533408	736000	-0.027407913	149.89583	0.0	-76.917015	0.5478219	1.7881393e-09	128.5689661502838
184	281.4	94.408905	500.0	110.0	281.4	73.70776	22.822302	97.07789	5.9822125	740000	-0.029460093	237.53882	0.0	-90.58816	0.54629683	-2.9057262e-10	129.27904272079468
185	346.0	99.23373	500.0	244.0	346.0	72.99785	20.565102	95.678955	3.6378865	744000	-0.022444855	380.48077	0.0	-162.07547	0.5417993	8.940697e-11	129.96185326576233
186	387.8889	129.49599	500.0	182.0	387.8889	76.98857	17.220247	95.43313	7.506193	748000	-0.016872967	320.15796	0.0	-133.30162	0.5458726	-7.748604e-10	130.59736490249634
187	281.5	100.736534	500.0	128.0	281.5	75.10217	20.012558	96.13421	7.1881604	752000	-0.03259086	257.0866	0.0	-105.90509	0.5393537	-5.215406e-10	131.291672706604
188	303.81818	116.28634	500.0	61.0	303.81818	76.7592	18.139177	96.51894	-1.1000204	756000	-0.027340867	453.79227	0.0	-185.15115	0.5400802	1.4826654e-09	132.0038344860077
189	334.7	136.03238	500.0	99.0	334.7	71.26811	21.846527	94.425476	-4.100091	760000	-0.030795708	402.52313	0.0	-143.99965	0.54791665	-7.525086e-10	132.6634600162506
190	312.9	125.94321	500.0	119.0	312.9	76.09233	18.237844	95.23249	15.369722	764000	-0.031851374	335.4559	0.0	-126.94591	0.537222	-2.6822095e-10	133.39018535614014
191	305.7	136.4273	500.0	133.0	305.7	72.75587	20.293882	96.62669	5.0222373	768000	-0.032926038	523.3538	0.0	-284.11807	0.5381944	1.1995434e-09	134.09434914588928
192	341.2	134.17139	500.0	122.0	341.2	74.11927	19.26854	98.793045	6.6011324	772000	-0.03206441	266.3	0.0	-99.5285	0.54086995	-1.7881391e-10	134.7381510734558
193	332.81818	118.43281	500.0	193.0	332.81818	77.15309	19.486298	96.167694	5.9065766	776000	-0.02954331	326.98386	0.0	-137.38129	0.53603756	8.1211327e-10	135.48800468444824
194	415.77777	124.13682	500.0	126.0	415.77777	78.36148	16.952724	94.9977	6.368499	780000	-0.020717405	388.26712	0.0	-105.66675	0.5360138	-2.4586919e-10	136.1716170310974
195	410.625	109.09164	500.0	157.0	410.625	75.10601	19.328938	95.55043	13.782306	784000	-0.02688393	370.4865	0.0	-114.61839	0.5438125	1.15484e-09	136.8121407032013
196	370.0	123.74975	500.0	172.0	370.0	76.90771	19.9937	99.45968	10.17448	788000	-0.02055068	263.99582	0.0	-100.761	0.54205644	-1.9073485e-09	137.50180792808533
197	329.0	100.09107	500.0	218.0	329.0	86.247215	15.528177	99.99174	10.443927	792000	-0.016709708	408.28876	0.0	-187.21962	0.5360932	2.9802327e-11	138.20900201797485
198	308.3	98.97581	500.0	134.0	308.3	73.76469	21.214928	96.50295	-1.5064152	796000	-0.025937337	194.44019	0.0	-99.206474	0.5388329	7.003545e-10	138.90811419487
199	386.8889	117.313866	500.0	176.0	386.8889	79.74888	16.794382	97.43341	8.729285	800000	-0.013190143	329.93594	0.0	-120.82492	0.5339416	2.041459e-09	139.58852410316467
200	366.66666	98.522415	500.0	249.0	366.66666	77.183815	19.918423	98.52863	3.723248	804000	-0.019251827	257.56943	0.0	-95.743805	0.5346374	-8.195638e-10	140.27145314216614
201	327.7	77.71107	488.0	223.0	327.7	74.3843	21.119923	97.24019	6.417583	808000	-0.027756982	249.66882	0.0	-81.73319	0.5329064	-8.5681673e-10	141.01269721984863
202	330.75	113.89002	500.0	152.0	330.75	71.30742	20.84428	95.15806	0.19258648	812000	-0.024413913	322.94012	0.0	-168.91592	0.53813803	-7.450596e-12	141.68773913383484
203	348.6	140.41951	500.0	121.0	348.6	84.33263	16.886192	98.31372	10.384382	816000	-0.015498981	391.05267	0.0	-151.71252	0.5331464	1.758337e-09	142.3890609741211
204	378.875	100.02554	500.0	251.0	378.875	74.308655	17.969427	94.78327	1.8265828	820000	-0.0138376895	259.46707	0.0	-116.775795	0.5365305	-1.2814999e-09	143.1028733253479
205	307.0	123.8491	500.0	167.0	307.0	78.37529	20.192738	99.59619	7.138743	824000	-0.02118781	389.56192	0.0	-150.02692	0.5339205	3.948808e-10	143.7533826828003
206	342.77777	87.63279	500.0	241.0	342.77777	77.127205	18.44151	94.4198	-6.2259645	828000	-0.030968152	263.65012	0.0	-99.209076	0.5280095	-4.321337e-10	144.4731228351593
207	345.66666	83.46922	495.0	235.0	345.66666	72.82459	22.081568	96.99224	5.281535	832000	-0.030700445	162.10512	0.0	-86.98309	0.52989995	-2.6896596e-09	145.1706566810608
208	458.375	46.28428	500.0	391.0	458.375	79.79068	18.606197	97.48053	4.2418804	836000	-0.010562735	320.75635	0.0	-121.65571	0.53654474	-3.9488077e-10	145.84441256523132
209	383.75	75.18269	500.0	305.0	383.75	81.23145	15.701425	98.35965	7.445157	840000	-0.03660907	228.6663	0.0	-120.46768	0.5282663	1.3709069e-09	146.52255010604858
210	343.66666	95.384605	500.0	143.0	343.66666	76.92967	21.872679	96.0097	6.549651	844000	-0.014433859	111.9573	0.0	-63.169285	0.53217626	2.0116575e-10	147.27183890342712
211	467.25	68.83813	500.0	291.0	467.25	73.30409	19.945433	97.84619	5.9326797	848000	-0.015382666	535.97174	0.0	-312.1205	0.5249603	-1.9595028e-09	147.98298835754395
212	369.8889	104.576866	500.0	140.0	369.8889	82.84344	17.370844	101.00212	18.63589	852000	-0.017780777	362.78207	0.0	-154.27756	0.52800834	-1.1920928e-10	148.6568522453308
213	431.75	113.16443	500.0	154.0	431.75	73.590515	20.172968	97.74508	-1.6659415	856000	-0.008941859	364.07562	0.0	-121.91713	0.5338423	-1.3411044e-10	149.37615990638733
214	369.1	140.47523	500.0	144.0	369.1	75.97786	20.861591	99.461044	-3.9277153	860000	-0.011835815	250.9195	0.0	-101.438965	0.5283969	-7.4505735e-11	150.08445382118225
215	403.25	93.28284	500.0	215.0	403.25	78.25295	20.98071	99.64558	2.9667082	864000	-0.012655601	231.2176	0.0	-99.19822	0.52444595	3.799796e-10	150.75898456573486
216	417.375	110.85795	500.0	217.0	417.375	81.69733	14.807962	96.62055	1.0885442	868000	-0.008724453	340.74042	0.0	-121.92247	0.52697766	2.9057265e-10	151.4641191959381
217	368.0	135.3358	500.0	150.0	368.0	85.52819	14.1306715	100.59741	18.171658	872000	-0.017510531	475.6081	0.0	-211.19885	0.5220113	8.1211327e-10	152.15636277198792
218	331.77777	94.84816	473.0	174.0	331.77777	68.44565	22.4111	96.70518	3.2840252	876000	-0.040774815	362.1776	0.0	-202.2147	0.52662104	3.5017728e-10	152.80303978919983
219	479.375	30.999748	500.0	409.0	479.375	82.045685	13.486101	94.62647	2.2060132	880000	-0.01748278	316.86215	0.0	-144.88942	0.52731	-8.791685e-10	153.49801516532898
220	365.77777	119.97942	500.0	195.0	365.77777	78.95483	21.567068	97.65174	-0.8854939	884000	-0.031251885	207.4036	0.0	-84.761765	0.52406085	-1.8700956e-09	154.17997312545776
221	478.75	55.47015	500.0	332.0	478.75	77.68731	19.671837	98.85411	8.973603	888000	-0.031394172	390.80515	0.0	-194.88759	0.5238459	-1.5050173e-09	154.83996844291687
222	401.75	104.49611	500.0	236.0	401.75	85.89146	16.558664	100.38796	13.063838	892000	-0.01546856	415.28445	0.0	-194.32549	0.52328944	3.7252906e-10	155.51188588142395
223	475.25	65.482346	500.0	302.0	475.25	75.49711	17.34956	95.62384	12.539906	896000	-0.010247012	296.8538	0.0	-140.71875	0.5240092	4.470352e-11	156.16501879692078
224	353.66666	105.40609	500.0	154.0	353.66666	76.32061	23.495712	100.50469	7.518783	900000	-0.019020587	183.04944	0.0	-93.50307	0.5232239	8.493662e-10	156.83280110359192
225	438.125	80.638756	500.0	312.0	438.125	82.65519	16.370571	97.39503	8.544352	904000	-0.006681813	236.46217	0.0	-80.27409	0.52599764	-4.0978193e-10	157.54357028007507
226	441.5	66.36264	500.0	327.0	441.5	80.64081	18.595186	98.27914	11.350761	908000	-0.019143041	256.6898	0.0	-86.27815	0.5220922	-4.693866e-10	158.22270131111145
227	387.625	115.58107	500.0	234.0	387.625	75.55616	21.396524	97.21054	7.7824464	912000	-0.013014096	244.1436	0.0	-132.62486	0.5232651	-1.5571715e-09	158.91862893104553
228	448.625	94.64795	500.0	230.0	448.625	87.08969	14.894242	100.03597	13.537974	916000	-0.013307531	371.13428	0.0	-112.51007	0.5182712	-5.9604655e-11	159.59913635253906
229	409.22223	99.31631	500.0	212.0	409.22223	74.02524	18.485126	94.51441	9.251422	920000	-0.022066554	317.00348	0.0	-159.14	0.5212263	2.5331975e-10	160.2632613182068
230	432.375	120.89245	500.0	130.0	432.375	84.236855	17.123184	99.536026	8.56611	924000	-0.006389905	318.2965	0.0	-89.94361	0.52080184	-1.0430817e-10	160.95580673217773
231	390.25	127.72798	500.0	127.0	390.25	81.26542	17.03755	100.18231	5.151775	928000	-0.03034423	346.2499	0.0	-134.57442	0.5162327	-1.8551946e-09	161.58783864974976
232	390.0	101.226234	500.0	217.0	390.0	81.40522	19.167011	98.92431	16.173737	932000	-0.009295132	131.37129	0.0	-44.27846	0.5209565	1.4975667e-09	162.27285718917847
233	439.125	84.51248	500.0	266.0	439.125	72.285034	23.18351	98.11233	6.9731503	936000	-0.012797363	554.187	0.0	-321.62256	0.5260913	1.4230609e-09	162.9920105934143
234	477.75	42.121105	500.0	377.0	477.75	82.38694	13.289687	97.44971	19.556213	940000	-0.0057929363	306.80334	0.0	-114.58542	0.5244153	1.2293457e-09	163.6555278301239
235	479.875	53.245747	500.0	339.0	479.875	90.646	10.475982	102.663445	32.89061	944000	-0.014001457	361.76193	0.0	-137.68672	0.52021915	-5.066395e-10	164.34502458572388
236	403.0	109.69161	500.0	220.0	403.0	87.552414	12.971786	100.72781	16.923038	948000	-0.019708626	397.72034	0.0	-184.24562	0.51326597	4.991889e-10	165.05490159988403
237	463.0	67.92091	500.0	307.0	463.0	76.758934	21.931297	97.0922	6.826146	952000	-0.010556173	535.6891	0.0	-251.7499	0.5181043	1.15484e-09	165.75084280967712
238	476.75	44.341713	500.0	363.0	476.75	82.61987	11.393208	94.64709	27.730442	956000	-0.008063454	322.8187	0.0	-88.54718	0.5184203	5.9604643e-10	166.4493007659912
239	425.0	63.0476	500.0	335.0	425.0	84.01657	15.757507	96.98941	2.5630386	960000	-0.0017509945	260.4402	0.0	-131.1772	0.515555	-9.0897084e-10	167.13415145874023
240	447.125	79.09241	500.0	271.0	447.125	82.0901	14.962658	99.12987	17.236649	964000	-0.016073864	415.9978	0.0	-127.49812	0.5185292	7.674098e-10	167.78842949867249
241	465.875	62.810104	500.0	321.0	465.875	86.499214	11.608486	100.12362	14.909605	968000	-0.023210585	362.8553	0.0	-150.24661	0.514923	-2.6077032e-10	168.5222020149231
242	423.125	78.53572	500.0	327.0	423.125	83.27211	17.083204	100.18601	12.494367	972000	-0.0133172115	349.26242	0.0	-104.90086	0.5152462	5.9604643e-10	169.206857919693
243	438.5	110.790344	500.0	152.0	438.5	82.48834	13.301496	98.914276	9.704719	976000	-0.018599236	396.86914	0.0	-109.21244	0.51181495	-1.0281802e-09	169.89206504821777
244	387.25	125.66498	500.0	177.0	387.25	82.10028	15.6425085	100.71451	14.318431	980000	-0.029715551	297.06995	0.0	-83.704666	0.51376283	-9.089709e-10	170.52497220039368
245	398.44446	129.4485	500.0	111.0	398.44446	77.918274	21.963139	100.606415	3.1006415	984000	-0.011857539	523.8064	0.0	-205.33405	0.51500785	3.427267e-10	171.21709322929382
246	471.375	50.840282	500.0	363.0	471.375	82.1522	12.250892	95.740204	19.669872	988000	-0.009603357	413.6917	0.0	-80.76228	0.51602036	-1.490116e-10	171.91302967071533
247	431.875	117.79372	500.0	139.0	431.875	85.17533	10.272048	97.74991	34.04861	992000	-0.017460063	399.13486	0.0	-108.56914	0.51463485	-1.8253923e-09	172.5786828994751
248	408.55554	131.24033	500.0	197.0	408.55554	80.02056	16.719488	98.0022	16.589876	996000	-0.01079385	507.42242	0.0	-172.20627	0.5185631	-1.490116e-10	173.27421712875366
249	492.5	13.453624	500.0	463.0	492.5	82.25677	12.046915	98.49586	14.002953	1000000	-0.02125394	242.96024	0.0	-140.98837	0.5154223	-1.4901164e-11	173.9772937297821
250	461.5	66.36264	500.0	320.0	461.5	84.25784	16.954805	101.384384	14.434018	1004000	-0.018855	367.2628	0.0	-126.051704	0.51462126	8.1956386e-11	174.65610027313232
251	399.375	119.66405	500.0	171.0	399.375	83.24458	18.495138	101.70911	8.635867	1008000	-0.014035554	346.6797	0.0	-150.5534	0.5113648	2.5331975e-10	175.37666869163513
252	434.1111	117.1461	500.0	166.0	434.1111	78.824814	18.84879	99.141785	0.036858678	1012000	-0.01067988	447.40155	0.0	-157.7897	0.5153557	5.8859584e-10	176.0746660232544
253	451.75	56.587875	500.0	344.0	451.75	82.99407	13.458191	99.254944	14.741227	1016000	-0.008092714	383.65305	0.0	-157.79965	0.51132447	1.266599e-10	176.70762038230896
254	427.5	66.7102	500.0	320.0	427.5	81.51923	17.041998	99.4651	16.343342	1020000	-0.024101026	309.01334	0.0	-104.50073	0.50622225	-8.9406965e-10	177.41563200950623
255	470.875	53.99407	500.0	345.0	470.875	79.62456	14.82751	98.55838	9.411237	1024000	-0.0065449593	359.50302	0.0	-160.62404	0.5075092	-1.5348196e-09	178.12522053718567
256	449.875	104.271805	500.0	184.0	449.875	82.38991	15.181098	97.61879	19.185392	1028000	-0.02404311	356.08295	0.0	-138.36455	0.5077838	-1.7881392e-10	178.7616264820099
257	470.25	75.73267	500.0	270.0	470.25	74.419044	20.10222	97.435936	5.04252	1032000	-0.005829001	422.63544	0.0	-202.93916	0.5136354	1.4901153e-10	179.45511293411255
258	356.25	123.78787	500.0	149.0	356.25	85.031784	19.024265	99.33004	-0.2786343	1036000	-0.005152393	325.27795	0.0	-121.01253	0.509009	2.6077035e-10	180.15200877189636
259	452.375	90.304955	500.0	236.0	452.375	79.67509	12.260222	94.50395	3.2488334	1040000	-0.007944021	322.0082	0.0	-128.52238	0.50922084	1.8402934e-09	180.8160264492035
260	474.75	53.034775	500.0	339.0	474.75	89.00073	12.297232	97.69858	4.0292807	1044000	-0.0027261768	399.58057	0.0	-136.58794	0.5102115	-7.2270634e-10	181.50793600082397
261	395.75	123.3529	500.0	218.0	395.75	86.30683	16.031418	96.89653	13.440137	1048000	-0.015834283	478.03687	0.0	-198.43271	0.5056824	1.4901161e-09	182.24053692817688
262	429.33334	132.23549	500.0	176.0	429.33334	75.738625	14.3599825	90.764046	4.3859186	1052000	-0.018864796	462.59796	0.0	-249.3626	0.5098822	1.296401e-09	182.9156630039215
263	396.75	123.52403	500.0	141.0	396.75	79.3574	18.594978	95.34318	1.5525162	1056000	-0.008573442	388.07013	0.0	-127.94714	0.50753033	-7.0035455e-10	183.60333013534546
264	436.33334	119.12085	500.0	210.0	436.33334	83.03489	11.965061	94.128784	21.542341	1060000	-0.013237212	367.83923	0.0	-106.36183	0.50778484	-5.215406e-11	184.29105806350708
265	432.125	68.29063	500.0	300.0	432.125	78.02717	18.116007	97.96589	14.258379	1064000	-0.011709038	241.7038	0.0	-70.61814	0.5144224	-1.6018749e-09	185.0035262107849
266	374.5	164.50836	500.0	119.0	374.5	88.76619	13.897756	99.25857	8.090913	1068000	-0.010857777	358.09344	0.0	-153.59822	0.50633097	-1.4007091e-09	185.6415078639984
267	425.625	109.63569	500.0	182.0	425.625	82.54806	18.102646	97.915054	-1.0504744	1072000	-0.014510964	355.21948	0.0	-142.92917	0.504918	-1.3858079e-09	186.2881622314453
268	432.75	70.35402	500.0	276.0	432.75	80.91019	18.463175	95.91078	-4.6747236	1076000	-0.021515265	226.18059	0.0	-56.87249	0.5053996	-8.1211327e-10	187.006680727005
269	440.75	87.01544	500.0	248.0	440.75	77.41139	21.309391	96.76386	3.7185519	1080000	-0.022002276	485.22217	0.0	-216.91824	0.5066411	2.5331975e-10	187.66672110557556
270	461.625	62.487873	500.0	315.0	461.625	80.28484	17.429657	96.87152	-1.1965916	1084000	-0.028010968	433.5087	0.0	-151.18033	0.50684273	-5.5879357e-10	188.35150051116943
271	441.625	104.74724	500.0	178.0	441.625	80.70406	14.869895	94.75727	18.420855	1088000	0.0013270285	483.6706	0.0	-184.33153	0.50773287	-1.1697412e-09	189.0663824081421
272	500.0	0.0	500.0	500.0	500.0	82.9122	9.893355	94.63427	48.771378	1092000	-0.0072396775	389.98965	0.0	-101.46045	0.5069493	-6.631017e-10	189.7482635974884
273	443.25	79.805626	500.0	294.0	443.25	86.497154	13.069278	98.16025	23.668701	1096000	-0.012446959	349.2269	0.0	-117.79374	0.50583875	-1.1175871e-09	190.43256616592407
274	437.5	119.61605	500.0	127.0	437.5	77.87491	19.816824	96.43604	-1.1721592	1100000	-0.009318706	490.40808	0.0	-185.32294	0.50363946	-5.6624416e-10	191.13497257232666
275	409.375	118.309906	500.0	231.0	409.375	83.970764	10.929639	95.390594	34.22522	1104000	-0.0116985515	295.27136	0.0	-105.087395	0.50751704	-8.9406954e-11	191.79055213928223
276	468.625	83.010445	500.0	249.0	468.625	85.32505	17.069973	99.253815	2.721887	1108000	-0.00457427	383.60187	0.0	-165.57735	0.5078362	-1.3411046e-09	192.45480179786682
277	392.625	101.419846	500.0	234.0	392.625	82.87469	17.417404	96.20526	2.990385	1112000	-0.008182131	353.48642	0.0	-148.24948	0.5016171	-3.9488077e-10	193.16139316558838
278	394.0	119.403725	500.0	231.0	394.0	72.82912	15.76246	95.15265	18.136185	1116000	-0.01930847	466.98676	0.0	-204.57364	0.50526595	-1.4901161e-09	193.82660388946533
279	405.44446	111.53785	500.0	206.0	405.44446	85.00153	15.782015	97.425285	8.909162	1120000	-0.00022648461	351.43558	0.0	-128.81079	0.50169635	-9.0897084e-10	194.49554085731506
280	449.25	91.52561	500.0	246.0	449.25	75.72725	14.452287	94.64595	30.946587	1124000	-0.013903895	465.03244	0.0	-155.91406	0.50275236	1.0430813e-09	195.1583468914032
281	473.375	57.74283	500.0	324.0	473.375	81.90259	14.815116	96.97301	17.314144	1128000	-0.010189306	365.9698	0.0	-135.80206	0.5000464	-1.3932586e-09	195.9279420375824
282	500.0	0.0	500.0	500.0	500.0	88.41373	10.842361	97.082245	39.948147	1132000	-0.007336339	461.16364	0.0	-120.115715	0.50226426	6.780028e-10	196.55780291557312
283	400.33334	123.04561	500.0	142.0	400.33334	86.317154	10.333322	96.042984	18.292301	1136000	-0.006542653	460.33878	0.0	-144.80278	0.49958587	-4.0233133e-10	197.2391037940979
284	448.0	68.35751	500.0	338.0	448.0	82.13742	14.26177	94.32526	9.031898	1140000	0.00024241675	311.3471	0.0	-106.88334	0.50250244	-6.556511e-10	197.92580938339233
285	425.625	84.27624	500.0	262.0	425.625	81.70575	16.654766	94.40344	11.561858	1144000	-0.0017412426	280.39996	0.0	-67.71643	0.4986366	-7.972121e-10	198.58774209022522
286	422.25	79.53419	500.0	311.0	422.25	77.35081	17.78868	94.199776	7.680287	1148000	-0.012866883	239.95248	0.0	-78.89427	0.50258017	2.7567149e-09	199.28334283828735
287	477.75	55.905613	500.0	330.0	477.75	85.59332	13.16845	97.21018	16.786556	1152000	-0.011311969	460.83752	0.0	-104.64317	0.49916217	-6.4075e-10	200.00891089439392
288	495.5	11.905881	500.0	464.0	495.5	82.786514	13.627392	98.48954	4.2060056	1156000	-0.004019277	217.00719	0.0	-77.655846	0.5017485	-2.3245812e-09	200.65503191947937
289	420.22223	124.36039	500.0	133.0	420.22223	83.31922	21.649061	101.67794	7.265748	1160000	-0.021894518	228.1507	0.0	-105.02171	0.5015671	-1.1697412e-09	201.327392578125
290	472.25	73.4196	500.0	278.0	472.25	83.55361	16.690691	101.40503	13.512102	1164000	-0.000117354095	365.27737	0.0	-108.02345	0.5045243	1.2218953e-09	202.06245136260986
291	487.25	22.88422	500.0	437.0	487.25	82.2974	10.909465	95.79016	36.029587	1168000	-0.00971097	399.54596	0.0	-121.00224	0.50303316	1.8253923e-09	202.7310745716095
292	483.25	29.166548	500.0	427.0	483.25	86.3598	12.336692	102.360725	12.375371	1172000	0.0057359748	320.4535	0.0	-102.174644	0.5031909	6.3329936e-10	203.40406346321106
293	440.5	75.36743	500.0	273.0	440.5	80.99406	17.0081	99.12939	-2.8749897	1176000	-0.014810523	227.68033	0.0	-91.115555	0.5052005	8.2701446e-10	204.1106231212616
294	404.375	134.64577	500.0	144.0	404.375	86.93503	15.736229	99.72371	15.571827	1180000	-0.016476503	413.7029	0.0	-132.20502	0.4991735	8.9406926e-11	204.7727177143097
295	449.125	81.37327	500.0	290.0	449.125	74.39765	18.2164	99.07896	-8.111922	1184000	-0.01412566	297.44528	0.0	-185.41963	0.50529027	-3.5762787e-10	205.48203492164612
296	464.375	38.719948	500.0	388.0	464.375	77.70809	20.655191	98.95959	10.17605	1188000	-0.014816591	330.2862	0.0	-119.26205	0.49599838	1.4230609e-09	206.15975999832153
297	491.875	21.496729	500.0	435.0	491.875	87.52225	13.332603	99.491844	8.912159	1192000	-0.0032783728	336.52234	0.0	-64.0751	0.4980342	6.7055195e-11	206.81115341186523
298	443.75	75.1511	500.0	318.0	443.75	88.09867	10.141482	99.91573	40.139908	1196000	-0.010380688	367.4378	0.0	-149.9727	0.49807948	-2.5331975e-10	207.50018405914307
299	465.375	91.60914	500.0	223.0	465.375	78.635704	16.132835	100.18685	27.125324	1200000	-0.012252792	294.90973	0.0	-125.44597	0.49952325	4.8428767e-10	208.20048666000366
300	500.0	0.0	500.0	500.0	500.0	89.92559	12.067034	102.3553	31.876959	1204000	-0.0050935	451.03888	0.0	-144.39526	0.4928322	1.0430812e-09	208.8941113948822
301	463.375	70.98052	500.0	281.0	463.375	84.11655	10.622107	97.20545	24.619987	1208000	-0.014131152	374.41742	0.0	-120.938255	0.49703985	3.129244e-10	209.58382558822632
302	417.125	119.775246	500.0	209.0	417.125	85.389465	12.071642	96.1843	27.658718	1212000	-0.015906911	381.35645	0.0	-117.08934	0.49411106	6.705523e-10	210.25858187675476
303	475.75	57.657936	500.0	324.0	475.75	80.430984	18.023561	96.256744	19.575611	1216000	-0.011328291	638.7831	0.0	-328.43692	0.49595165	-1.6763807e-09	210.97755122184753
304	436.375	89.95546	500.0	223.0	436.375	82.62859	15.460706	95.96734	13.8172245	1220000	-0.016950283	322.40027	0.0	-71.652084	0.49830914	7.599592e-10	211.6496033668518
305	442.25	69.23646	500.0	291.0	442.25	78.690315	20.495289	95.45715	12.17015	1224000	-0.018014994	157.38919	0.0	-84.10973	0.49612525	4.1723247e-10	212.35114645957947
306	484.75	40.347706	500.0	378.0	484.75	88.66719	13.674834	98.96014	16.355204	1228000	-0.005152937	458.1511	0.0	-112.52219	0.4950302	4.5448545e-10	213.0508439540863
307	463.375	87.48848	500.0	233.0	463.375	82.323204	11.23017	96.01561	20.924408	1232000	-0.00036344584	336.46747	0.0	-76.52319	0.49898434	9.462238e-10	213.7495312690735
308	433.625	113.37431	500.0	144.0	433.625	82.443565	14.569209	98.190956	24.628582	1236000	-0.031855617	363.71082	0.0	-174.02315	0.49804378	-9.834766e-10	214.43616104125977
309	407.375	98.48723	500.0	256.0	407.375	79.14013	17.395155	97.06959	7.9526772	1240000	-0.025377797	387.5348	0.0	-103.711624	0.48997116	1.9595028e-09	215.1386821269989
310	496.0	10.583005	500.0	468.0	496.0	77.99939	17.072668	95.42618	7.2841983	1244000	-0.007973771	382.12958	0.0	-165.89865	0.50170106	9.462237e-10	215.80122447013855
311	478.625	41.276318	500.0	378.0	478.625	88.49815	9.407191	100.82859	36.53138	1248000	-0.0041627325	413.87784	0.0	-147.91745	0.49488652	-1.5124679e-09	216.47130346298218
312	387.375	118.98733	500.0	163.0	387.375	82.32766	18.203093	98.83751	-0.29270053	1252000	-0.016548198	342.68973	0.0	-95.40333	0.4976798	1.5646219e-10	217.2268421649933
313	456.375	57.432434	500.0	361.0	456.375	79.25951	14.915384	94.20481	0.39297998	1256000	-3.2549724e-05	386.1006	0.0	-110.82836	0.49884295	-1.5348196e-09	217.9394245147705
314	474.625	67.13594	500.0	297.0	474.625	85.57085	10.200798	95.431946	18.039898	1260000	-0.002966329	431.85645	0.0	-105.27905	0.49598032	-4.0978199e-10	218.56097435951233
315	474.25	63.00347	500.0	308.0	474.25	83.34022	10.230159	95.21461	6.2553644	1264000	-0.014997066	389.45047	0.0	-117.98522	0.49136338	1.6391276e-10	219.29205203056335
316	500.0	0.0	500.0	500.0	500.0	84.806305	11.2428055	104.736176	31.93607	1268000	-0.012353993	299.97955	0.0	-98.56902	0.49626923	-4.768371e-10	220.00495028495789
317	468.625	73.00503	500.0	277.0	468.625	91.71848	8.657016	101.33027	40.693047	1272000	-0.009040672	431.70798	0.0	-159.19205	0.4986679	-2.861023e-09	220.68198800086975
318	500.0	0.0	500.0	500.0	500.0	86.287285	10.388783	97.12927	44.867947	1276000	0.001751435	297.89423	0.0	-91.42894	0.49500713	-1.7210842e-09	221.3473060131073
319	470.25	53.02299	500.0	356.0	470.25	83.38808	16.947475	100.21962	1.3514453	1280000	-0.018915271	362.84882	0.0	-73.11879	0.49507657	1.8626455e-10	222.06624674797058
320	500.0	0.0	500.0	500.0	500.0	87.06044	11.475527	98.25163	35.661133	1284000	-0.0006964747	293.85934	0.0	-45.648277	0.4950933	-1.4379621e-09	222.71877121925354
321	464.75	55.800426	500.0	347.0	464.75	83.67091	13.0767355	99.78392	15.845775	1288000	-0.013950735	413.73166	0.0	-165.60057	0.4937645	-9.164213e-10	223.42137145996094
322	491.375	22.819605	500.0	431.0	491.375	88.83673	10.380728	99.282684	34.29525	1292000	-0.009353297	370.58163	0.0	-98.53694	0.49070966	-1.9669533e-09	224.11177396774292
323	477.375	59.860123	500.0	319.0	477.375	86.111534	13.880386	99.68806	5.360799	1296000	-0.0060431026	345.28748	0.0	-98.43419	0.48990303	1.9371507e-10	224.76743412017822
324	491.125	23.481043	500.0	429.0	491.125	82.46624	17.246296	96.89655	15.425884	1300000	-0.010638722	369.25793	0.0	-159.55403	0.49223202	1.1101364e-09	225.46814155578613
325	499.5	1.3228756	500.0	496.0	499.5	82.91666	15.773507	98.04588	7.032614	1304000	-0.0018369788	473.46942	0.0	-175.4901	0.4933213	-7.4505846e-11	226.13877129554749
326	500.0	0.0	500.0	500.0	500.0	86.80218	8.928779	99.615036	48.253906	1308000	0.0036712028	446.66565	0.0	-76.57293	0.49148095	-2.6822095e-10	226.8174328804016
327	441.25	90.355896	500.0	231.0	441.25	90.92152	5.757688	100.70206	49.239227	1312000	-0.017245986	572.1956	0.0	-252.03673	0.48761505	-1.7359854e-09	227.51413226127625
328	487.375	33.40261	500.0	399.0	487.375	79.83415	12.212083	94.24535	19.615898	1316000	-0.022172268	474.23953	0.0	-156.95203	0.48825085	-1.1622905e-09	228.1837990283966
329	458.75	71.698586	500.0	323.0	458.75	86.86778	6.559777	96.5395	56.82405	1320000	-0.0053686276	427.52533	0.0	-80.10791	0.4898371	-1.8030405e-09	228.8495581150055
330	500.0	0.0	500.0	500.0	500.0	82.74447	9.804667	94.7632	29.28087	1324000	-0.021538854	328.35416	0.0	-70.30675	0.48807985	1.6391279e-10	229.5450415611267
331	470.5	78.04967	500.0	264.0	470.5	86.4157	9.053337	97.3427	35.996525	1328000	0.0035515972	328.38028	0.0	-47.51145	0.49027446	-1.1920931e-10	230.20923590660095
332	485.0	39.686268	500.0	380.0	485.0	82.99047	12.621394	96.45548	35.440243	1332000	-0.003926499	531.5446	0.0	-185.68774	0.49272808	3.501773e-10	230.83628368377686
333	500.0	0.0	500.0	500.0	500.0	88.68203	7.031728	96.18509	58.693348	1336000	-0.001996937	378.49664	0.0	-77.80908	0.49273393	1.758337e-09	231.53425002098083
334	500.0	0.0	500.0	500.0	500.0	86.882576	8.230797	99.01995	48.779358	1340000	-0.017986372	419.0884	0.0	-172.65622	0.48779404	7.897616e-10	232.21686053276062
335	484.5	41.009144	500.0	376.0	484.5	86.58287	9.054051	97.3484	42.66873	1344000	0.0035310946	368.39044	0.0	-105.65727	0.4843092	-3.72529e-10	232.89884877204895
336	425.625	105.99992	500.0	222.0	425.625	85.987915	13.34601	100.14523	28.22845	1348000	-0.0035517602	542.52026	0.0	-167.7333	0.48872083	4.2468307e-10	233.55520153045654
337	500.0	0.0	500.0	500.0	500.0	82.62137	9.1464615	93.36844	20.194399	1352000	-0.010809792	363.2924	0.0	-74.52222	0.48681223	-1.4901158e-10	234.23985862731934
338	487.25	33.73333	500.0	398.0	487.25	86.78487	10.957278	97.05473	16.003565	1356000	-0.005326441	342.08636	0.0	-51.09607	0.49524066	-1.5795231e-09	234.93354153633118
339	495.375	12.2366	500.0	463.0	495.375	87.30161	9.260139	97.357185	0.24917233	1360000	-0.0075942744	327.92377	0.0	-78.60922	0.4871716	1.5422703e-09	235.60072779655457
340	476.0	47.267853	500.0	359.0	476.0	84.29692	11.902583	97.54772	13.2557125	1364000	-0.0069547165	276.4771	0.0	-81.88845	0.4876998	2.4586916e-10	236.29337096214294
341	451.75	49.713554	500.0	377.0	451.75	78.29179	18.81647	103.081154	-5.4750853	1368000	-0.009946834	326.64844	0.0	-141.01735	0.49344054	2.9802333e-10	237.0996949672699
342	471.0	76.72679	500.0	268.0	471.0	86.039	11.265316	101.79197	40.76922	1372000	-0.00535406	324.56995	0.0	-53.29444	0.4900862	3.5762787e-10	237.7467074394226
343	453.375	73.9678	500.0	282.0	453.375	90.55994	11.171406	104.38584	30.787052	1376000	-0.0048362315	392.29504	0.0	-135.39346	0.4883106	9.536743e-10	238.48274183273315
344	467.25	85.89492	500.0	240.0	467.25	76.80118	19.424726	98.645676	-3.9413414	1380000	-0.013358096	421.19376	0.0	-247.46262	0.48838076	-2.6822092e-10	239.17432379722595
345	500.0	0.0	500.0	500.0	500.0	93.150955	7.6380215	105.02456	43.203854	1384000	-0.0058855386	326.63135	0.0	-95.1702	0.4854647	-2.6822092e-10	239.81344318389893
346	500.0	0.0	500.0	500.0	500.0	89.58798	12.179	102.260155	22.89666	1388000	-0.013934412	279.5912	0.0	-90.51286	0.48701018	-6.2584876e-10	240.45405197143555
347	491.125	23.481043	500.0	429.0	491.125	85.79354	12.695765	101.70736	26.021448	1392000	-0.007613769	437.36765	0.0	-147.5299	0.48442453	1.6838313e-09	241.17533493041992
348	500.0	0.0	500.0	500.0	500.0	90.83174	7.6566505	101.36016	59.77388	1396000	-0.005074843	348.86945	0.0	-83.650925	0.48830336	4.6193593e-10	241.83096170425415
349	494.25	15.21307	500.0	454.0	494.25	83.92897	10.721733	97.14354	31.234514	1400000	-0.0046855416	400.3366	0.0	-112.701836	0.490448	3.054738e-10	242.48550248146057
350	496.375	9.590849	500.0	471.0	496.375	89.01639	9.387753	102.17293	50.671654	1404000	-0.011593256	426.956	0.0	-182.60582	0.48797926	2.1755695e-09	243.1808466911316
351	500.0	0.0	500.0	500.0	500.0	87.765114	9.097711	96.87199	52.997295	1408000	-0.004717879	464.58197	0.0	-91.00748	0.4868787	1.0207295e-09	243.83758163452148
352	485.375	38.694115	500.0	383.0	485.375	86.953064	7.311531	97.27037	30.05484	1412000	-0.011805403	421.008	0.0	-142.26569	0.4859501	7.748603e-10	244.53924870491028
353	500.0	0.0	500.0	500.0	500.0	82.239586	11.84181	96.04757	11.757207	1416000	-0.005073537	496.4467	0.0	-159.9101	0.48718578	2.0861626e-10	245.25147581100464
354	459.375	49.874687	500.0	370.0	459.375	87.823425	6.7955594	96.2302	27.543257	1420000	-0.021363933	429.94855	0.0	-165.15184	0.4874925	1.3411044e-10	245.9617989063263
355	490.75	24.4732	500.0	426.0	490.75	73.041405	22.125946	94.56587	10.782392	1424000	-0.010955501	493.73492	0.0	-323.21783	0.48930913	4.4703483e-10	246.59124422073364
356	482.0	47.623524	500.0	356.0	482.0	88.38821	11.357504	98.45353	32.84368	1428000	-0.003806484	468.7991	0.0	-193.61646	0.48770922	-6.2584876e-10	247.42646646499634
357	448.5	93.64294	500.0	237.0	448.5	88.364105	8.39125	96.29665	27.212997	1432000	-0.013414392	373.82513	0.0	-133.26428	0.4889517	-9.387731e-10	248.1228621006012
358	500.0	0.0	500.0	500.0	500.0	89.91125	8.884984	98.67997	43.04818	1436000	-0.00058405474	374.86957	0.0	-121.81266	0.48099384	1.1697411e-09	248.7492036819458
359	471.125	45.198	500.0	374.0	471.125	79.64967	16.79724	96.012474	16.17772	1440000	-0.0048970478	432.56293	0.0	-106.505554	0.4860337	7.897616e-10	249.4576382637024
360	498.625	3.637908	500.0	489.0	498.625	86.16522	6.868668	93.708725	43.96609	1444000	-0.0033686366	468.47488	0.0	-102.94606	0.4873681	3.7252923e-11	250.15552043914795
361	490.5	25.134638	500.0	424.0	490.5	86.59266	3.4550319	93.841805	55.744072	1448000	-0.0064662816	417.71558	0.0	-125.18747	0.48851043	4.842877e-10	250.8201780319214
362	470.75	54.10811	500.0	345.0	470.75	83.10539	15.490061	95.615135	9.715766	1452000	-0.023360077	444.04553	0.0	-95.9356	0.4876222	1.1920928e-10	251.52183437347412
363	499.625	0.99215674	500.0	497.0	499.625	83.86751	8.23252	94.34178	42.509914	1456000	-0.010143637	348.25018	0.0	-117.28652	0.48865706	4.0978193e-10	252.2227554321289
364	500.0	0.0	500.0	500.0	500.0	86.37269	13.05954	99.01398	13.711747	1460000	-0.012407146	225.93646	0.0	-61.281815	0.48296943	6.407499e-10	252.92090392112732
365	488.875	29.433983	500.0	411.0	488.875	93.42596	11.3104725	101.746506	12.531372	1464000	-0.0055457833	475.08667	0.0	-107.65173	0.48670566	-1.9371513e-10	253.5688087940216
366	478.75	56.222214	500.0	330.0	478.75	83.65822	10.585156	96.36193	31.9018	1468000	0.00048101973	280.96027	0.0	-90.577225	0.4854736	-7.972122e-10	254.25880122184753
367	500.0	0.0	500.0	500.0	500.0	85.68276	14.820527	100.12969	17.827698	1472000	-0.018009614	481.5529	0.0	-199.12784	0.48010415	4.3958423e-10	254.92637395858765
368	483.375	43.985615	500.0	367.0	483.375	86.30202	9.99073	99.06422	25.038559	1476000	-0.011425137	361.76178	0.0	-118.81206	0.4816005	6.556511e-10	255.5760691165924
369	441.25	99.63778	500.0	228.0	441.25	87.55433	9.123381	97.310905	40.17505	1480000	-0.01712403	462.71634	0.0	-180.4461	0.48079327	1.2293457e-09	256.29298305511475
370	500.0	0.0	500.0	500.0	500.0	81.34041	14.918267	94.185356	17.903086	1484000	-0.0072696805	483.9737	0.0	-208.91882	0.47763062	1.7359852e-09	257.0257775783539
371	465.75	90.61698	500.0	226.0	465.75	87.511734	11.273538	98.98378	41.122166	1488000	-0.0044395947	270.57526	0.0	-58.27411	0.4835051	1.5646218e-10	257.6563138961792
372	474.375	67.79738	500.0	295.0	474.375	89.34224	13.077445	99.85381	25.75196	1492000	-0.0027987696	232.37225	0.0	-32.982273	0.4798838	-1.0803343e-09	258.3610019683838
373	500.0	0.0	500.0	500.0	500.0	85.16508	10.093647	99.40166	35.704514	1496000	-0.004998399	339.36533	0.0	-103.02079	0.48247835	6.5565103e-10	259.0580589771271
374	500.0	0.0	500.0	500.0	500.0	90.382576	8.874357	101.45146	57.97145	1500000	-0.0060720667	336.06104	0.0	-85.710846	0.48403352	3.1292438e-10	259.6901457309723
375	404.77777	143.53458	500.0	102.0	404.77777	87.54757	11.790165	98.92089	21.561922	1504000	-0.0215042	537.38684	0.0	-167.42328	0.4767609	3.2037495e-10	260.36978912353516
376	500.0	0.0	500.0	500.0	500.0	86.00134	6.0494456	95.66281	50.051037	1508000	-0.008404122	347.40747	0.0	-68.10266	0.4793811	-1.2442469e-09	261.0694341659546
377	497.75	5.9529405	500.0	482.0	497.75	83.17302	11.603735	98.4905	29.098902	1512000	-0.0017242581	463.55142	0.0	-130.81522	0.4835896	-1.0654331e-09	261.70432138442993
378	493.0	18.52026	500.0	444.0	493.0	88.241196	8.545876	97.652565	31.878548	1516000	-0.007582181	455.5147	0.0	-89.79972	0.4823163	-5.289912e-10	262.4006519317627
379	500.0	0.0	500.0	500.0	500.0	88.23695	4.325185	96.31	65.76098	1520000	0.002279244	381.5354	0.0	-33.554207	0.48259473	-4.3213366e-10	263.1226079463959
380	480.875	50.599995	500.0	347.0	480.875	87.02814	8.160238	94.156334	11.452514	1524000	-0.0100468155	331.60364	0.0	-98.70354	0.4779206	-8.1211327e-10	263.7540874481201
381	487.75	32.410454	500.0	402.0	487.75	87.604935	10.741575	97.71019	17.36312	1528000	-0.008547938	387.92993	0.0	-53.20411	0.47551602	1.5050173e-09	264.4208960533142
382	431.75	126.8471	500.0	135.0	431.75	83.80745	8.6531515	93.465065	24.198778	1532000	-0.018031424	409.61	0.0	-120.74736	0.47877774	1.6763806e-09	265.16923451423645
383	496.0	10.583005	500.0	468.0	496.0	84.80873	13.786598	99.87845	7.656947	1536000	-0.008677285	367.2544	0.0	-80.095	0.47898793	-1.2889504e-09	265.814923286438
384	500.0	0.0	500.0	500.0	500.0	86.03732	9.899028	99.86798	25.93228	1540000	-0.008528939	290.51868	0.0	-44.63341	0.48259312	4.842877e-10	266.4698865413666
385	487.375	33.40261	500.0	399.0	487.375	88.375046	11.806054	101.48042	9.044577	1544000	-0.0045341626	335.51517	0.0	-51.757267	0.48103982	-1.2293457e-09	267.16009879112244
386	469.875	79.703255	500.0	259.0	469.875	86.71329	12.318929	100.8076	14.961783	1548000	-0.015805624	361.81027	0.0	-101.377	0.4822765	1.15484e-09	267.7756915092468
387	500.0	0.0	500.0	500.0	500.0	86.03763	10.677905	101.13807	26.301071	1552000	-0.0047176834	491.2058	0.0	-140.78809	0.47503626	-1.0952355e-09	268.56416940689087
388	500.0	0.0	500.0	500.0	500.0	90.07289	4.7485614	98.89432	63.187145	1556000	0.007632808	370.4273	0.0	-53.71316	0.47948346	-2.458692e-10	269.2508292198181
389	465.125	92.27058	500.0	221.0	465.125	89.566154	6.9752326	98.71398	49.88333	1560000	0.0015210379	370.36957	0.0	-98.025635	0.4762779	1.4975667e-09	269.94535064697266
390	500.0	0.0	500.0	500.0	500.0	86.39067	5.756428	98.54924	65.78104	1564000	-0.00066009583	387.13205	0.0	-98.42554	0.47866598	-7.748604e-10	270.58239698410034
391	430.875	120.96429	500.0	189.0	430.875	85.97297	8.822519	98.53524	31.752743	1568000	0.0016646376	433.10596	0.0	-110.52844	0.47757545	1.0803343e-09	271.29535388946533
392	493.625	16.866665	500.0	449.0	493.625	86.4143	7.8546824	95.88791	20.189331	1572000	0.0018637134	328.02942	0.0	-72.01447	0.4821264	5.736947e-10	272.0280499458313
393	496.25	9.921567	500.0	470.0	496.25	82.62552	14.905328	98.87621	0.55602187	1576000	-0.010231059	393.52057	0.0	-146.91118	0.47705603	-3.5017728e-10	272.6671578884125
394	500.0	0.0	500.0	500.0	500.0	87.280426	10.350359	99.524376	9.999794	1580000	-0.00046507828	388.9173	0.0	-165.67516	0.48224342	-1.2144447e-09	273.3307297229767
395	500.0	0.0	500.0	500.0	500.0	91.83207	11.4204445	103.41417	33.869347	1584000	-0.014715764	370.52176	0.0	-111.22913	0.47376668	1.1175877e-10	274.0030345916748
396	496.625	8.929411	500.0	473.0	496.625	85.763	13.575982	98.59053	16.179586	1588000	-0.0016334155	334.3424	0.0	-98.88371	0.4837409	-2.4586916e-10	274.66161251068115
397	470.625	61.055176	500.0	315.0	470.625	84.33415	14.457612	101.42169	12.094091	1592000	-0.012212358	306.70776	0.0	-66.94454	0.48402506	6.8545347e-10	275.35969972610474
398	492.125	20.83529	500.0	437.0	492.125	84.42808	12.510843	102.1342	42.52463	1596000	-0.0035048628	288.55902	0.0	-43.044594	0.48441198	-1.04308145e-10	277.1597204208374
399	495.125	12.898038	500.0	461.0	495.125	89.54182	12.941467	102.96089	16.473553	1600000	-0.008621359	405.83936	0.0	-69.51581	0.47770005	-2.30968e-09	277.81543159484863
400	500.0	0.0	500.0	500.0	500.0	87.11506	7.8336644	97.54308	54.144413	1604000	-0.015771829	322.7965	0.0	-59.087875	0.47794378	-1.1399388e-09	278.58871030807495
401	500.0	0.0	500.0	500.0	500.0	88.70188	9.917166	100.45569	45.29797	1608000	0.0077803456	381.35358	0.0	-86.39634	0.4830554	8.717179e-10	279.2563154697418
402	500.0	0.0	500.0	500.0	500.0	86.75467	8.596011	97.52461	43.59732	1612000	-0.004048232	313.93524	0.0	-44.240177	0.47725135	1.3113022e-09	279.9430766105652
403	500.0	0.0	500.0	500.0	500.0	90.6387	6.221567	98.15289	51.749203	1616000	-0.014294112	301.4824	0.0	-125.39951	0.4785556	6.705525e-11	280.59696531295776
404	485.75	37.701958	500.0	386.0	485.75	94.253235	5.355696	98.87375	48.615604	1620000	-0.0012756605	419.57648	0.0	-99.1893	0.4763099	1.2367964e-09	281.3028781414032
405	488.875	29.433983	500.0	411.0	488.875	83.5349	11.998168	93.99191	9.918388	1624000	-0.0044943467	271.02277	0.0	-83.2339	0.47970068	-1.758337e-09	281.98953199386597
406	500.0	0.0	500.0	500.0	500.0	85.23639	15.612582	96.65882	21.745668	1628000	0.0042513995	503.98737	0.0	-169.51115	0.47639003	1.2740493e-09	282.61843371391296
407	500.0	0.0	500.0	500.0	500.0	89.47158	6.1882143	96.00851	62.9896	1632000	-0.004458357	380.1551	0.0	-51.538383	0.47455433	7.3015693e-10	283.31135725975037
408	500.0	0.0	500.0	500.0	500.0	87.98242	6.5988517	94.568085	46.408146	1636000	-0.003959867	297.29382	0.0	-36.39347	0.4745105	-1.0803342e-09	284.0554823875427
409	500.0	0.0	500.0	500.0	500.0	89.80649	6.9770103	96.06102	45.265244	1640000	-0.0009043161	410.227	0.0	-89.94418	0.47397515	-2.1532178e-09	284.7185010910034
410	498.75	3.3071892	500.0	490.0	498.75	86.7315	5.99765	94.93583	53.647484	1644000	0.004831793	359.086	0.0	-78.05345	0.4754695	-9.0152025e-10	285.41498041152954
411	500.0	0.0	500.0	500.0	500.0	88.397354	6.748177	97.343666	62.110012	1648000	-0.012784537	386.212	0.0	-92.022644	0.47564432	1.0430817e-10	286.09491086006165
412	500.0	0.0	500.0	500.0	500.0	85.338455	9.454949	93.86468	31.651426	1652000	0.0018335553	402.7486	0.0	-95.3786	0.4789919	1.0877848e-09	286.749498128891
413	500.0	0.0	500.0	500.0	500.0	89.88029	7.363008	95.887695	63.328014	1656000	-0.0071112458	263.3767	0.0	-69.84039	0.47128972	3.72529e-10	287.445116519928
414	500.0	0.0	500.0	500.0	500.0	89.04424	11.275203	102.55169	53.60403	1660000	-0.0038074926	374.70386	0.0	-79.13826	0.4680491	-1.0654331e-09	288.1226427555084
415	500.0	0.0	500.0	500.0	500.0	91.28244	4.2119813	95.73255	67.331215	1664000	0.001962357	325.61902	0.0	-44.982082	0.4756951	-5.96046e-11	288.7490291595459
416	500.0	0.0	500.0	500.0	500.0	85.39945	9.416946	95.09074	54.146866	1668000	-0.0012020105	416.19885	0.0	-79.26541	0.47484925	4.470345e-11	289.4624662399292
417	500.0	0.0	500.0	500.0	500.0	86.621216	7.8693795	96.30124	46.214928	1672000	-0.013919814	340.6677	0.0	-88.40147	0.47210115	1.2516976e-09	290.1297926902771
418	500.0	0.0	500.0	500.0	500.0	91.20033	6.346776	101.635124	54.459637	1676000	-0.010414271	384.30508	0.0	-56.549995	0.47086918	4.2468307e-10	290.75342059135437
419	500.0	0.0	500.0	500.0	500.0	88.99755	5.5630546	96.59995	54.826046	1680000	0.00018363725	379.6805	0.0	-62.109703	0.4726053	8.717179e-10	291.42486095428467
420	500.0	0.0	500.0	500.0	500.0	86.090645	9.122792	98.30606	38.240616	1684000	-0.001428511	459.917	0.0	-124.54146	0.47659442	-2.8312208e-10	292.1200671195984
421	500.0	0.0	500.0	500.0	500.0	89.79174	4.6289334	95.25921	76.5866	1688000	0.0060902266	351.64993	0.0	-28.24224	0.47545156	-1.6391277e-09	292.7507321834564
422	500.0	0.0	500.0	500.0	500.0	87.93842	5.6940527	96.50342	58.983616	1692000	0.0021820394	399.24606	0.0	-48.255722	0.4719815	-8.940697e-11	293.4415044784546
423	500.0	0.0	500.0	500.0	500.0	89.30015	4.601944	95.81712	71.830475	1696000	-0.0023680178	379.13007	0.0	-69.28377	0.47360182	2.3096802e-10	294.12385988235474
424	500.0	0.0	500.0	500.0	500.0	89.7459	5.475189	96.0822	69.06705	1700000	-0.001236594	386.71332	0.0	-73.15883	0.4761277	1.8626445e-10	294.77565121650696
425	492.125	20.83529	500.0	437.0	492.125	90.2493	4.5864944	93.4108	68.12717	1704000	0.011344851	420.20056	0.0	-92.08946	0.47031432	1.2665988e-10	295.4576528072357
426	441.375	125.79243	500.0	117.0	441.375	87.544846	6.4110928	93.75067	53.745804	1708000	-0.012245696	443.02948	0.0	-168.15378	0.47391632	-1.1026859e-09	296.16956901550293
427	500.0	0.0	500.0	500.0	500.0	85.68786	10.362983	95.52774	37.62924	1712000	-0.0021075536	380.9314	0.0	-126.03953	0.4755973	7.674098e-10	296.8229241371155
428	500.0	0.0	500.0	500.0	500.0	88.611626	8.641011	98.821556	48.982666	1716000	0.0017150901	338.19122	0.0	-92.85834	0.47770602	1.0430812e-10	297.49265813827515
429	500.0	0.0	500.0	500.0	500.0	88.07043	10.082344	95.847206	30.758463	1720000	-0.0074854977	412.49988	0.0	-72.98239	0.47951233	-1.0728836e-09	298.1538984775543
430	498.75	3.3071892	500.0	490.0	498.75	87.40717	8.437476	98.22341	61.696854	1724000	0.0010876302	438.20895	0.0	-139.26144	0.4746562	-4.3958426e-10	298.8087577819824
431	486.625	35.386925	500.0	393.0	486.625	84.56047	10.390186	98.86548	19.570509	1728000	0.0019109291	388.8423	0.0	-54.997543	0.4795776	3.5762782e-10	299.5224814414978
432	477.5	56.929783	500.0	327.0	477.5	86.57727	10.460647	97.7643	30.892403	1732000	-0.007782083	381.92355	0.0	-90.56839	0.47163853	-2.0861626e-10	300.19749331474304
433	500.0	0.0	500.0	500.0	500.0	85.4114	9.5220785	97.70895	55.834385	1736000	-0.004696967	361.83755	0.0	-62.85035	0.47602808	-1.6465783e-09	300.82730531692505
434	500.0	0.0	500.0	500.0	500.0	86.525314	8.830522	98.05792	60.706387	1740000	4.409533e-05	264.71622	0.0	-80.50391	0.47610044	7.2270634e-10	301.53369879722595
435	500.0	0.0	500.0	500.0	500.0	90.55038	9.494042	100.99306	53.660656	1744000	0.0054204976	387.43073	0.0	-67.89969	0.47755885	-6.705525e-11	302.2016010284424
436	492.75	19.181698	500.0	442.0	492.75	90.145004	7.981381	97.90533	19.817204	1748000	-0.013168577	378.5016	0.0	-44.61065	0.47041488	3.5762787e-10	302.85002756118774
437	489.625	27.44967	500.0	417.0	489.625	86.787445	8.790721	97.20486	18.536554	1752000	-0.0024321745	434.26395	0.0	-99.58414	0.47299144	-8.3446505e-10	303.53430700302124
438	500.0	0.0	500.0	500.0	500.0	89.249825	3.329814	95.264595	74.75704	1756000	0.0012623416	374.72665	0.0	-48.880722	0.47384235	-2.9057265e-10	304.20841360092163
439	500.0	0.0	500.0	500.0	500.0	87.73014	7.956792	94.15729	50.40306	1760000	0.004557038	338.8735	0.0	-48.197655	0.47389233	-2.4586916e-10	304.84826850891113
440	489.5	27.780388	500.0	416.0	489.5	85.79839	13.685563	95.65551	11.388056	1764000	-0.008118241	375.87988	0.0	-86.90089	0.476008	7.450579e-11	305.6701612472534
441	498.375	4.299346	500.0	487.0	498.375	87.73793	7.8387327	95.9862	35.120743	1768000	-0.0020286464	430.54663	0.0	-125.00803	0.47777456	-1.9147992e-09	306.32630133628845
442	500.0	0.0	500.0	500.0	500.0	88.69616	6.89018	98.45001	42.62701	1772000	-0.018214392	269.699	0.0	-93.8533	0.47143495	-5.5134297e-10	307.0095627307892
443	500.0	0.0	500.0	500.0	500.0	87.46264	13.776751	99.379456	46.50085	1776000	-0.026871515	315.591	0.0	-47.566017	0.4729432	-5.2154066e-11	307.6548285484314
444	500.0	0.0	500.0	500.0	500.0	88.60141	9.968172	98.93117	24.412117	1780000	0.010919162	294.70233	0.0	-48.67098	0.47499853	2.5331975e-10	308.3529348373413
445	500.0	0.0	500.0	500.0	500.0	83.89681	12.801125	98.615685	33.967674	1784000	-0.0042338157	436.94366	0.0	-130.60233	0.47590503	3.7252895e-11	309.0502917766571
446	495.75	11.244443	500.0	466.0	495.75	88.55159	9.325222	99.604416	58.766502	1788000	0.00024939748	433.66968	0.0	-91.975494	0.47446018	-1.1622906e-09	309.6879532337189
447	500.0	0.0	500.0	500.0	500.0	87.79778	5.3919024	97.89576	55.466084	1792000	0.0032375678	353.77502	0.0	-57.62033	0.47224826	6.109476e-10	310.3849790096283
448	456.75	114.42874	500.0	154.0	456.75	86.98714	7.759435	99.7841	52.680668	1796000	-0.0053743334	313.094	0.0	-119.97255	0.47352707	-1.0356307e-09	311.07868480682373
449	491.5	16.755596	500.0	450.0	491.5	88.02425	13.733054	99.91693	28.74931	1800000	-0.01862229	405.98407	0.0	-97.36156	0.47518495	-6.631017e-10	311.7476987838745
450	488.875	20.417135	500.0	442.0	488.875	81.426285	13.478477	92.58551	19.163258	1804000	0.00010463316	337.52582	0.0	-72.14605	0.47294396	7.525086e-10	312.44468998908997
451	446.375	95.39384	500.0	242.0	446.375	88.60888	9.048681	94.778465	31.470602	1808000	-0.0014508041	381.08142	0.0	-101.03955	0.46984825	-4.470349e-11	313.16171956062317
452	500.0	0.0	500.0	500.0	500.0	85.09905	10.8067465	94.92392	46.38624	1812000	-0.0050594145	420.6131	0.0	-71.85077	0.47339547	4.321337e-10	313.7880206108093
453	500.0	0.0	500.0	500.0	500.0	86.98047	6.3197017	95.17119	68.91447	1816000	-0.00023376197	335.1624	0.0	-46.982437	0.4718465	1.3411044e-10	314.4673867225647
454	497.5	6.6143785	500.0	480.0	497.5	89.0154	7.184944	94.56259	53.802517	1820000	-0.014576774	520.5303	0.0	-94.43848	0.47289383	-9.313226e-10	315.1867082118988
455	484.0	42.33202	500.0	372.0	484.0	88.28107	2.4996648	92.12737	78.44424	1824000	-0.0065514348	437.47562	0.0	-48.067123	0.4704575	5.2899124e-10	315.8350031375885
456	500.0	0.0	500.0	500.0	500.0	85.21019	3.9474082	89.66423	67.32916	1828000	0.0034505574	343.01434	0.0	-80.79758	0.47213382	-7.0035455e-10	316.5123188495636
457	465.75	90.61698	500.0	226.0	465.75	85.088936	9.485367	94.615524	43.28067	1832000	-0.0066662403	384.17285	0.0	-93.40817	0.4734574	-2.2351743e-10	317.22117471694946
458	500.0	0.0	500.0	500.0	500.0	86.906204	8.696328	93.552444	34.136055	1836000	-0.0036888476	448.24896	0.0	-118.601135	0.4748149	-1.3709068e-09	317.88888573646545
459	500.0	0.0	500.0	500.0	500.0	88.42247	5.0036683	93.525475	56.705296	1840000	-0.0019849828	364.11707	0.0	-59.49136	0.46966994	7.8976153e-10	318.54599595069885
460	500.0	0.0	500.0	500.0	500.0	89.26972	4.8818936	98.8638	71.09981	1844000	-0.00075200957	378.2644	0.0	-52.365585	0.47668886	-2.682209e-10	319.23018050193787
461	500.0	0.0	500.0	500.0	500.0	89.599846	5.720733	95.48338	72.37778	1848000	-0.009463137	332.3228	0.0	-25.680847	0.4705717	1.0281801e-09	319.92886304855347
462	483.125	41.705627	500.0	373.0	483.125	86.70164	6.402494	95.331245	63.798763	1852000	-0.008678027	459.32806	0.0	-114.92989	0.47185665	-1.1697412e-09	320.5774738788605
463	486.25	36.37908	500.0	390.0	486.25	84.32773	7.63205	94.177826	52.52152	1856000	-0.0051194355	369.4596	0.0	-126.485756	0.47309673	-5.8114524e-10	321.25597858428955
464	499.375	1.6535946	500.0	495.0	499.375	87.41203	11.000765	99.90798	36.88082	1860000	-0.0037169126	309.5137	0.0	-50.628525	0.4730035	-5.438924e-10	321.94006419181824
465	498.25	4.630065	500.0	486.0	498.25	85.11775	14.201534	99.16561	24.288832	1864000	-0.0015007379	431.7451	0.0	-151.7526	0.4766376	1.0952353e-09	322.6227514743805
466	497.75	5.9529405	500.0	482.0	497.75	82.96465	12.179692	93.9114	18.025671	1868000	-0.00673954	328.79425	0.0	-49.65802	0.4776445	1.4156104e-10	323.31619906425476
467	500.0	0.0	500.0	500.0	500.0	85.33089	8.666253	93.34165	42.503876	1872000	-0.0012441888	328.14996	0.0	-55.37712	0.47567418	-7.450582e-11	324.01405334472656
468	489.0	29.103264	500.0	412.0	489.0	88.42942	10.11891	95.543106	20.867735	1876000	-0.014082048	369.12836	0.0	-79.08209	0.4739737	8.940697e-11	324.6626982688904
469	469.75	80.03397	500.0	258.0	469.75	87.17038	9.7718115	92.06964	24.70978	1880000	-0.0014358563	346.09988	0.0	-75.26056	0.46658182	-2.2351743e-10	325.34825682640076
470	472.375	73.08888	500.0	279.0	472.375	84.27292	12.698928	93.76273	25.906122	1884000	-0.005902387	436.7436	0.0	-117.597984	0.47251183	9.089708e-10	326.0532751083374
471	458.25	110.46011	500.0	166.0	458.25	86.655426	8.597198	93.14094	59.58266	1888000	-0.009960525	433.99823	0.0	-66.43355	0.46849847	4.5448542e-10	326.70047640800476
472	500.0	0.0	500.0	500.0	500.0	86.88171	6.7893806	93.155876	67.385155	1892000	0.0005766349	416.3582	0.0	-48.081055	0.4681691	5.5134297e-10	327.37606143951416
473	494.375	14.882351	500.0	455.0	494.375	86.82462	7.4738197	92.77637	31.402817	1896000	-0.0029959376	377.36786	0.0	-74.71069	0.4718921	-1.6689301e-09	328.0652995109558
474	474.25	68.1281	500.0	294.0	474.25	88.506714	6.856615	95.86882	47.713215	1900000	-0.0044307243	332.62494	0.0	-127.723045	0.47102365	7.4505807e-10	328.7466459274292
475	495.375	12.2366	500.0	463.0	495.375	87.45189	10.192821	95.6239	22.777893	1904000	0.0029313648	367.34076	0.0	-83.6505	0.46856767	-1.3411039e-10	329.4490737915039
476	490.125	26.126795	500.0	421.0	490.125	87.63878	8.84112	93.049065	42.86033	1908000	-0.0015217327	397.32376	0.0	-86.08269	0.4700521	1.0579825e-09	330.1367154121399
477	490.875	24.14248	500.0	427.0	490.875	86.760155	11.089089	93.05691	30.801914	1912000	-0.002467718	383.88095	0.0	-73.73824	0.4705959	-7.1525574e-10	330.75677514076233
478	500.0	0.0	500.0	500.0	500.0	89.84794	2.576046	93.22595	77.123634	1916000	-0.0022520975	392.82495	0.0	-31.157257	0.46603638	-5.1409005e-10	331.4476571083069
479	487.375	33.40261	500.0	399.0	487.375	88.23905	6.7638845	94.54491	38.15556	1920000	-0.0067663183	357.37177	0.0	-45.104893	0.4685694	1.5422702e-09	332.1329824924469
480	500.0	0.0	500.0	500.0	500.0	86.61229	7.288355	94.03043	35.862495	1924000	0.0015706234	347.03912	0.0	-37.721832	0.46751702	-5.736947e-10	332.77062249183655
481	489.875	26.788233	500.0	419.0	489.875	88.651566	8.449418	96.35279	32.677708	1928000	-0.0043765735	400.73795	0.0	-92.88458	0.46663177	-9.909271e-10	333.47237491607666
482	500.0	0.0	500.0	500.0	500.0	88.738266	4.2887235	91.48936	45.24987	1932000	-0.0035558892	344.56622	0.0	-26.110466	0.46742016	4.0233136e-10	334.14913630485535
483	500.0	0.0	500.0	500.0	500.0	87.336296	7.35625	91.4139	30.26382	1936000	-0.005312113	255.98972	0.0	-54.072662	0.46590525	-2.1606689e-10	334.79533290863037
484	500.0	0.0	500.0	500.0	500.0	87.757515	9.205445	95.233376	38.928684	1940000	-0.0115743335	346.08865	0.0	-115.29971	0.46781608	1.6093255e-09	335.48810839653015
485	454.25	80.001175	500.0	295.0	454.25	89.88896	13.552287	102.40884	16.287903	1944000	-0.014286081	410.73795	0.0	-86.43981	0.46149343	-1.475215e-09	336.18985867500305
486	497.25	7.275816	500.0	478.0	497.25	82.42655	13.286672	93.75919	18.159697	1948000	-0.0060105277	359.89966	0.0	-82.47937	0.4681816	-8.2701446e-10	336.8266885280609
487	495.75	11.244443	500.0	466.0	495.75	87.06831	8.743441	96.75813	46.96423	1952000	-0.0055571916	434.07477	0.0	-147.4533	0.46622574	4.4703485e-10	337.51983165740967
488	495.75	11.244443	500.0	466.0	495.75	87.84246	11.651871	95.263245	12.259895	1956000	-0.011226738	367.60327	0.0	-77.42911	0.46497935	8.5681673e-10	338.20083713531494
489	500.0	0.0	500.0	500.0	500.0	87.68102	5.9546514	92.835495	52.684746	1960000	-0.0020847311	401.66632	0.0	-55.012115	0.4657299	8.940697e-10	338.84447169303894
490	500.0	0.0	500.0	500.0	500.0	87.21597	7.6828585	94.89	39.50296	1964000	0.0032303985	450.62738	0.0	-105.26255	0.46816194	-9.983778e-10	339.5274395942688
491	470.25	52.071465	500.0	366.0	470.25	87.82909	4.9111238	92.67937	54.199997	1968000	-0.02230649	456.61374	0.0	-99.540726	0.46497697	-5.5134286e-10	340.19245743751526
492	500.0	0.0	500.0	500.0	500.0	83.051544	8.143797	91.97355	39.660526	1972000	-0.009995205	314.85605	0.0	-81.49226	0.4668091	-3.2782554e-10	340.8445613384247
493	491.75	21.827448	500.0	434.0	491.75	87.77898	9.804887	96.32366	49.76148	1976000	-0.011161897	375.7969	0.0	-55.760086	0.4710701	1.6391277e-10	341.529278755188
494	489.0	29.103264	500.0	412.0	489.0	87.6997	6.98437	93.83024	45.466553	1980000	-0.0044573825	431.57928	0.0	-130.82523	0.47067785	7.450596e-12	342.22563910484314
495	491.0	16.530275	500.0	453.0	491.0	85.74006	10.482895	94.60292	38.656113	1984000	0.0010059308	276.21323	0.0	-94.28549	0.4677864	7.7486034e-10	342.90658354759216
496	495.5	11.905881	500.0	464.0	495.5	86.899185	14.839716	97.50574	28.335386	1988000	0.0014707521	374.5595	0.0	-70.83539	0.4684	-1.0952353e-09	343.60712933540344
497	483.75	42.993458	500.0	370.0	483.75	82.72976	14.204385	91.609	31.883093	1992000	-0.009363209	439.95245	0.0	-117.827774	0.4625962	-1.2889504e-09	344.25468254089355
498	499.125	2.3150325	500.0	493.0	499.125	88.08525	9.617431	93.09326	33.944077	1996000	0.003232915	455.17795	0.0	-106.209465	0.46721792	-9.685754e-10	344.94278931617737
499	480.0	42.41757	500.0	369.0	480.0	83.60951	10.323256	92.49323	26.565418	2000000	0.007504236	354.73676	0.0	-38.254753	0.46509326	9.23872e-10	345.9228799343109
